0000000000000000000001111111111111111110010000000100000000100100000001000000001001000000010000000010010000000100000000100100000001000000001001000000010000000010010000000100000000100100000001000000001001000000010000000010010000000100000000100100000001000000001001000000010000000010000000000000000000000000000000000000000000000000000000000000000000000000000000000000000000000000000000000000000000000000
0000000000000000000000000000000000000000001111111111111111000010000001000000010000100000010000000100001000000100000001000010000001000000010000100000010000000100001000000100000001000010000001000000010000100000010000000100001000000100000001000010000001000000010000100000010000000100000000000000000000000000000000000000000000000000000000000000000000000000000000000000000000000000000000000000000000000000
0000000000000000000000000000000000000000001111110000000000000010000011111111110000100000010000000100001000000100000001000010000001000000010000100000010000000100001000000100000001000010000001000000010000100000010000000100011000000100000001000110000001000000010000100000010000000100001000000100000001000000000000000000110000000000000000000000000000000000000000000000000000000000000000000000000000000000
0000000000000000000000000000000000000000000000000000000000000001111111111111110000010000001000000100000100000010000001000001000000100000010000100000001000000100001000000010000001000010000000100000010000100000001000000100001000000010000001000001000000100000010000010000001000000100000100000010000000000000000000000000000000000000000000000000000000000000000000000000000000000000000000000000000000000000
0000000000000000000000000000000000000000000000000011111000000000111111100011110000001000001000000000000010000010000001000000100000100000010000001000001000000100000010000010000001000000100000100000010000001000001000000100000001000010000001000000010000100000010000001000001000000100000010000010000001000000000000000000010000000000000000000000000000000000000000000000000000000000000000000000000000000000
0000000000000000000000000000000000000000000000000000000000000011111111111111110000100000010000000100001000000100000011000010000001000000100000100000100000001000001000001000000010000010000010000000110000100000100000000100011000001100000001000100000001000000010001100000010000000100000000000000000001000000000000000000000000000000000000000000000000000000000000000000000000000000000000000000000000000000
0000000000000000000000000000000000000000000000000000000000000000000000000000000000011111111111111000000100000100000010000001000001000000100000010000010000001000000100000100000100000001000001000001000000010000010000010000000100000100000100000001000011000001000000010000100000011000000100001000000010000001000001000000100000000000000000000000000000000000000000000000000000000000000000000000000000000000
0000000000000000000000000000000000000000000000000011100000000001111111100111110000010000010000000100000100000100000001000001000001000000010000010000010000000100000100000100000001000001000010000000010000010000100000000100000100001000000001000001000011000000010000010000010000000100000000000000000000000000000000000000000000000000000000000000000000000000000000000000000000000000000000000000000000000000
0000000000000000000000000000000000000000000000000000000000000000000111110000000000011110001011111000000100000010000010000001000000100000100000010000001000001000000100000010000010000001000000100000100000010000001000001000000100000010000010000001000000100000100000010000001000001000000000000000000000000000000000000000000000000000000000000000000000000000000000000000000000000000000000000000000000000000
0000000000000000000000000000000000000000000000000000000000000000000000000000000000011111111111111000000100000100000010000001000001000000100000010000010000001000000100000100000010000001000001000000100000110000010000000100001000000100000001000011000001000000010000010000010000001100000100000100000010000000000000000000000000000000000000000000000000000000000000000000000000000000000000000000000000000000
0000000000000000000000000000000000000000000000111000000000000001111111111111000000010000010000010000000100000100000100000001000001000001000000010000010000010000000100000100000100000001000000000001000000000000000000000000000000000000000000000000000000000000000000000000000000000000000000000000000000000000000000000000000000000000000000000000000000000000000000000000000000000000000000000000000000000000
0000000000000000000000000000000000000000000000000000000000000000000000000000000000000000000000000000000000000000000000000000011110000000000000001000011111110000000010000010001000000000100000100010000000001000001000100000000010000010001000000000100000100010000000001000000000100000000011000000001000000000010000000000000000000000000000000000000000000000000000000000000000000000000000000000000000000000
0000000000000000000000000000000000000000000000000000000000000000000000000000000000001111111111110000000100000100000100000001000001000001000000010000010000010000000100000100000100000001000001000001000000010000010000010000000000000000000000000000000000000000000000000000000000000000000000000000000000000000000000000000000000000000000000000000000000000000000000000000000000000000000000000000000000000000
0000000000000000000000000000000000000000000000000000000000000000000000000000000000000000000000000000000000111111111111000000011000000100010000000100000001000100000001000000010001000000001000000100010000000010000001000100000000100000010001000000001100000100010000000000000001000000000000000000000000000000000000000000000000000000000000000000000000000000000000000000000000000000000000000000000000000000
0000000000000000000000000000000000000000000000000000000000000000000000000000000000000000000000000000000001111111111110000000010000010000100000000100000100001000000001000001000010000000010000010000100000000100000100001000000001000001000000000000000000000000000000000000000000000000000000000000000000000000000000000000000000000000000000000000000000000000000000000000000000000000000000000000000000000000
0000000000000000000000000000000000000000000000000000000000000000000000000000000000000000000000000000000000000000000000000000000000000000000000000000000000000000000000000000000000000000000000000000000000000000000000000000000000000000000000000000000000000000000001111111111000000000010001000010000000000100010000100000000001000010010000000000011000100100000000000010001001000000000000000000010000000000
0000000000000000000011111111000000000000010010010000000000000110100010000000000000101000100000000000001011001000000000000010010010000000000000000000100000000000000000001000000000000000000000000000000000000000000000000000000000000000000000000000000000000000000000000000000000000000000000000000000000000000000000000000000000000000000000000000000000000000000000000000000000000000000000000000000000000000
0000000000000000000000000000000111111111000000000000101000010000000000001010000100000000000010100001000000000000101000010000000000001000000100000000000000000010000000000000000000000000000000000000000000000000000000000000000000000000000000000000000000000000000000000000000000000000000000000000000000000000000000000000000000000000000000000000000000000000000000000000000000000000000000000000000000000000
0000000000000000000000000000000000000000000000000000000000000000000000000000000000000000000000000000000000000000000000000000000000000000000000000000000000000000000000000000000000000000000000000000000000000000011111110000000000000110010111000000000000100100010000000000001001000100000000000010010001000000000000000100010000000000000000000100000000000000000010000000000000000000000000000000000000000000
0000000000000000000000000000000000000000000000000000000000000000000000000000000000000000000000000000000000000000000000000000001111110000000000000010100011000000000000100100010000000000001001000100000000000010010001000000000000100100010000000000001001000100000000000000010001000000000000000100010000000000000000000000000000000000000000000000000000000000000000000000000000000000000000000000000000000000
0000000000000000000000000000000000000000000000000000000000000000000000000000000000000000000000000000000111111111111000000001001000000010000000010010000000100000000100100000000100000001100100000001100000001001000000001000000010010000000010000000100100000000100000001001100000001000000010000000000010000000100000000000000000000000000000000000000000000000000000000000000000000000000000000000000000000000
0000000000000000000000000000000000000000000000000000000000000000010000000000000001111111111100000000001000100000100000000010001000000100000000010010000000100000000100100000001000000001001000000010000000010001000000100000000100010000001000000001000100000010000000001000000000000000000000000000000000000000000000000000000000000000000000000000000000000000000000000000000000000000000000000000000000000000
0000000000000000000000000000000000000000000000000000000000000000000000000000000000000000000000000000000011111111111000000000100000100010000000001000001000100000000010000010001000000000010000100010000000000100001000100000000001000010001000000000010000100010000000000100001100100000000000000001000000000000000000000000000000000000000000000000000000000000000000000000000000000000000000000000000000000000
0000000000000000000000000000000000000000000000000000000000000000000000000000000000000000000000000000000000000000000000000000001111111111000000000010001000010000000000100010000100000000001000100001000000000010001000010000000000100010000100000000001000010001000000000010000100010000000000100010000000000000000000000000000000000000000000000000000000000000000000000000000000000000000000000000000000000000
0000000000000000000000000000000000000000000000000000000000000000000000000000000000000000000000000000000000111111111000000000000101000011000000000001001000010000000000010010000100000000000100100001000000000001001000010000000000010010000100000000000100100001000000000000001000010000000000000000000100000000000000000000000000000000000000000000000000000000000000000000000000000000000000000000000000000000
0000000000000000000000000000000000000000000000000000000000000000000000000000000000000000000000000000000000111111111110000000001000011000110000000010000010000100000000100000100001000000001000001000010000000010000010000100000000100000100001000000001000001000010000000010000010000100000000000000100000000000000000000000000000000000000000000000000000000000000000000000000000000000000000000000000000000000
0000000000000000000000000000000000000000000000000000000000000000000000000000000000000000000000000000000000111111111100000000001000110011100000000010001000010100000000100010000111000000001000100000110000000010001000001100000000100010000010000000000000100000100000000000001000001000000000000000000000000000000000000000000000000000000000000000000000000000000000000000000000000000000000000000000000000000
0000000000000000000000000000000000000000000000000000000000000000000000000000000000000000000000000000000000111111111111100000001000010000001000000010000100000010000000100001000000100000001000010000010000000010000100000100000000000001000001000000000000010000010000000000000000000100000000000000000001000000000000000000000000000000000000000000000000000000000000000000000000000000000000000000000000000000
0000000000000000000000000000000000000000000000000000000000000000000000000000000000000000000000000000000011111111110000000000100001000100000000001000010010000000000010000100100000000000010001001000000000000100010010000000000001000100100000000000010000001000000000000000000010000000000000000000000000000000000000000000000000000000000000000000000000000000000000000000000000000000000000000000000000000000
0000000000000000000000000000000000000000000000000000000000000000000000000000000000000000000000000000000011111111110000000000100011000100000000001000010001000000000010000100010000000000100001000000000000001000000000000000000000000000000000000000000000000000000000000000000000000000000000000000000000000000000000000000000000000000000000000000000000000000000000000000000000000000000000000000000000000000
0000000000000000000000000000000000000000000000000000000000000000000000000000000000001111111000000000000010010011110000000000100100000100000000001001000001000000000010010000010000000000100100000100000000001000100001000000000000001000001000000000000000000010000000000000000000100000000000000000000000000000000000000000000000000000000000000000000000000000000000000000000000000000000000000000000000000000
0000000000000000000000000000000000000000000000000000000000000000000000000000000000011111111111100000000100000100001000000001000001000010000000010000010000100000000100000100001000000001000001100010000000010000001000100000000100000010001000000000000000100010000000000000000000000000000000000000000000000000000000000000000000000000000000000000000000000000000000000000000000000000000000000000000000000000
0000000000000000000000000000000000000000000000000000000000000000000000000000000000000000000000000000000000000000000000000000000000000000000000001111111111100000000010000100001000000000100001000010000000001000010000100000000010000100001000000000100001000010000000000000000000000000000000000000000000000000000000000000000000000000000000000000000000000000000000000000000000000000000000000000000000000000
0000000000000000000000000000000000000000000000000000000000000000000000000000000000001111111111100000000010000100001000000000100001000010000000001000010000100000000010000100001000000000100001000010000000001000010000100000000000000000000000000000000000000000000000000000000000000000000000000000000000000000000000000000000000000000000000000000000000000000000000000000000000000000000000000000000000000000
0000000000000000000000000000000000000000000000111111111110000000001000100000100000000010001000001000000000100010000010000000001000100000100000000010001000001000000000100011000010000000000000010000100000000000000000000000000000000000000000000000000000000000000000000000000000000000000000000000000000000000000000000000000000000000000000000000000000000000000000000000000000000000000000000000000000000000
0000000000000000000000000000000000000000000000000000000000000000000000000000000000000000000000000000000000000000000000000000011111111110000000000100010000100000000001000100001000000000010001010010000000001100010100100000000010000101111000000000100101000000000000001111000000000000000000000000000000000000000000000000000000000000000000000000000000000000000000000000000000000000000000000000000000000000
0000000000000000000000000000000000000000000000000000000000000000000000000000000000000000000000000000000000000000001100000000011111111111000000000100000100010000000001000001000100000000010000010001000000000100000100010000000001000001000100000000010000010001000000000100000100010000000001110001000000000000001100000000000000000000000000000000000000000000000000000000000000000000000000000000000000000000
0000000000000000000000000000000000000000000000000000000000000000000000000000000000000000000000000000000000000000000000000000011111111111100000000100000011001000000001000000110010000000010000001000100000000100000010001000000001000000100010000000010000001000100000000100000010001100000001000000000011000000011110000000000000000001000000000000000000000000000000000000000000000000000000000000000000000000
0000000000000000000000000000000000000000000000000000000000000000000000000000000000000000000000000000000011111111110000000000100001000100000000001000010001000000000010000100010000000000100001000100000000001100000001000000000011000000010000000000000000000100000000000000000001110000000000000000000000000000000000000000000000000000000000000000000000000000000000000000000000000000000000000000000000000000
0000000000000000000000000000000000000000000000000000000000000000000000000000000000000000000000000000000000000000000000000000001111111111000000000110001000010000000001000010000100000000010000100001000000000100001000010000000001000010000100000000010000100001000000000100001000010000000001000010001100000000000000110011000000000000000000000000000000000000000000000000000000000000000000000000000000000000
