0000000000000000000001111111111111111110010000000100000000000100000001000000000001000000010000000000010000000100000000000100000001000000000001000000010000000000010000000100000000000100000001000000000001000000010000000000010000000100000000000000000000000000000000000000000000000000000000000000000000000000000000000000000000000000000000000000000000000000000000000000000000000000000000000000000000000000
0000000000000000000000000000000000000000000000000000000001000000001111111111100000111111000000000000001000010000000000000010000100000000000000100010000000000000001000100000000000000010001000000000000000100010000000000000010000100000000000000100001000000000000001000010000000000000010000100000000000000100000000000000000000000000000000000000000000000000000000000000000000000000000000000000000000000000
0000000000000000000000000000000000000000000000000000000000000011111111111111100000100001000000000000001000010000000000000010000100000000000000100001000000000000001000010000000000000010000100000000000000100001000000000000001000010000000000000010000100000000000000100001000000000000001000000000000000000000000000000000000000000000000000000000000000000000000000000000000000000000000000000000000000000000
0000000000000000000000000000000000000000000000000000000000000000000000000000000000011111111111100000000100010000000000000001000100000000000000010001000000000000000100010000000000000001000100000000000000010001100000000000000100001000000000000001000010000000000000010001100000000000000100000000000000000000000000000000000000000000000000000000000000000000000000000000000000000000000000000000000000000000
0000000000000000000000000000000000000000000000000000000000000000111111111111111000001000100000000000000010001000000000000000100010000000000000001000100000000000000010001000000000000000100010000000000000010000100000000000000010001000000000000000100010000000000000011000000000000000000000000000000000000000000000000000000000000000000000000000000000000000000000000000000000000000000000000000000000000000
0000000000000000000000000000000000000000000000000000000000000001111111111111100000010000100000000000000100001000000000000001000010000000000000010000100000000000000100001000000000000001000010000000000000010001100000000000000100010000000000000001000000000000000000000000000000000000000000000000000000000000000000000000000000000000000000000000000000000000000000000000000000000000000000000000000000000000
0000000000000000000000000000000000000000000000000000000000000000000000000000000000000000000000000000001111111111111110000010001000000000000000100010000000000000001000100000000000000010001000000000000000100100000000000000001001000000000000000010010000000000000000100110000000000000001000000000000000000010000000000000000000000000000000000000000000000000000000000000000000000000000000000000000000000000
0000000000000000000000000000000000000000000000000000000000000011111111111111110000100001000000000000001000010000000000000010000100000000000000100001000000000000001000010000000000000010000100000000000000100001000000000000001000010000000000000010000100000000000000100001000000000000001000000000000000000000000000000000000000000000000000000000000000000000000000000000000000000000000000000000000000000000
0000000000000000000000000000000000000000000000000000000000000000000000000000000000011111111111111000000100000100000000000001000001000000000000110000010000000000001000000100000000000010000001000000000000100000010000000000001100000100000000000001000001000000000000010000010000000000000000000000000000000000000000000000000000000000000000000000000000000000000000000000000000000000000000000000000000000000
0000000000000000000000000000000000000000000000000000000000000000000000000000000000011111111111111000000100001000000000000001000010000000000000010000100000000000000100001000000000000001000010000000000000010000100000000000000100001000000000000001000000000000000000010000000000000000000000000000000000000000000000000000000000000000000000000000000000000000000000000000000000000000000000000000000000000000
0000000000000000000000000000000000000000000000000000000000000000000000000000000000000000000000000000000001111111111110000000100001000000000000001000011000000000000010000010000000000000100000100000000000001000001000000000000001000010000000000000010000000000000000000000000000000000000000000000000000000000000000000000000000000000000000000000000000000000000000000000000000000000000000000000000000000000
0000000000000000000000000000000000000000000000000000000000000000000000000000000000000000000000000000000011111111111110000001100001000000000000010000010000000000000100000100000000000001000001000000000000010000010000000000000010000100000000000000100000000000000000000000000000000000000000000000000000000000000000000000000000000000000000000000000000000000000000000000000000000000000000000000000000000000
0000000000000000000000000000000000000000000000000000000000000000000000000000000000111010101000000000001011111111111110000010000000010000000000100000000100000000001000000001000000000010000000010000000000110000000000000000000011000000000000000000011111000000000000000000000000000000000000000000000000000000000000000000000000000000000000000000000000000000000000000000000000000000000000000000000000000000
0000000000000000000000000000000000000000000000000000000000000000000000000000000000000000000000000000000000000000000000000000000000000000000000001111111111110000000010000010000000000000100000100000000000001000001000000000000010000010000000000000100000100000000000001000001000000000000000000000000000000000000000000000000000000000000000000000000000000000000000000000000000000000000000000000000000000000
0000000000000000000000000000000000000000000000000000000000000000000000000000000000000000000000000000000000000000000000000000000000000000000000011111111111110000000100001000000000000001000010000000000000010000000000000000000100000000000000000000000000000000000000000000000000000000000000000000000000000000000000000000000000000000000000000000000000000000000000000000000000000000000000000000000000000000
0000000000000000000000000000000000000000000000000000000000000000000000000000000000000000000000000000000000000000000000000000111110110000000000011111111111111000000100000001000000000001000000010000000000010000000100000000000100000001000000000000100000010000000000001100000100000000000001100000000000000000000000000000000000000000000000000000000000000000000000000000000000000000000000000000000000000000
0000000000000000000000000000000000000000000000000000000000000000000000000000000000000000000000000000000000000000000000000000111111111111000000001000001000000000000100000010000000000001000000100000000000010000001000000000000100000010000000000000000000100000000000000000000000000000000000000000000000000000000000000000000000000000000000000000000000000000000000000000000000000000000000000000000000000000
0000000000000000000000000000000000000000000000000000000000000000000000000000000000000000000000000000001111111111000000000010011111111111111100100000000100000000001000000001000000000010000000010000000000010000000100000000000110000001000000000000110000011000000000000000000000000000000000000000000000000000000000000000000000000000000000000000000000000000000000000000000000000000000000000000000000000000
0000000000000000000000000000000000000000000000000000000000000000000000000000000000000000000000000000000000000000000000000000000000000000000000001111111111111100000010000000100000000000100000001000000000001000000010000000000010000000100000000000100000001000000000001000000010000000000000000000100000000000000000000000000000000000000000000000000000000000000000000000000000000000000000000000000000000000
0000000000000000000000000000000000000000000000000000000000000000000000000000000000000000000000000000000000000000000000000011111111111111000000100000100000000000001000001000000000000010000010000000000000100000100000000000001000001000000000000010000000000000000000000000000000000000000000000000000000000000000000000000000000000000000000000000000000000000000000000000000000000000000000000000000000000000
0000000000000000000000000000000000000000000000000000000000000000000000000000000000000000000000000000000000000000000000000000000000000000000000000011111111111000000000100010000000000000001000100000000000000100001000000000000001000001000000000000010000010000000000000100000000000000000000000000000000000000001000000000000000000011000000000000000000000000000000000000000000000000000000000000000000000000
0000000000000000000000000000000000000000000000000000000000000000000000000000000000001111111100000000000110001111111111100001000000001000000000010000000010000000000100000000100000000001100000001000000000001000000010000000000010000000100000000000010000001000000000000100000001000000000000000000000000000000000000000000000000000000000000000000000000000000000000000000000000000000000000000000000000000000
0000000000000000000000000000000000000000000000000000000000000000000000000000000000000000000000000000000000000000000000000001111111111111110000010000010000000000000100000100000000000001000001000000000000000000010000000000000000000100000000000000000000000000000000000000000000000000000000000000000000000000000000000000000000000000000000000000000000000000000000000000000000000000000000000000000000000000
0000000000000000000000000000000000000000000000000000000000000000000000000000000000000000000000000000000000000000000000000000000000000000000000001111111111111000000110000001000000000011000000010000000000100000000100000000001000000001000000000001000000100000000000011000001000000000000011000000000000000000000000000000000000000000000000000000000000000000000000000000000000000000000000000000000000000000
0000000000000000000000000000000000000000000000000000000000000000000000000000000000000000000000000000000000000000000000000000011111111111111000001000001000000000000100000010000000000001000000100000000000010000001000000000000100000100000000000000100001000000000000001100010000000000000001100100000000000000001101000000000000000000000000000000000000000000000000000000000000000000000000000000000000000000
0000000000000000000000000000000000000000000000000000000000000000000000000000000000000000000000000000000000000000000000000000000000000000000000001111111111110000000100010000000000000001000010000000000000010000100000000000000100001000000000000001000001000000000000000000010000000000000000000100000000000000000000000000000000000000000000000000000000000000000000000000000000000000000000000000000000000000
0000000000000000000000000000000000000000000000000000000000000000000000000000000000000111111011111000000111011111111100000001000001000000000000010000010000000000000100000100000000000001000001000000000000010000010000000000000100000100000000000001000000000000000000000000000000000000000000000000000000000000000000000000000000000000000000000000000000000000000000000000000000000000000000000000000000000000
0000000000000000000000000000000000000000000000000000000000000000000000000000000000000000000000000000000000000000000000000000110000000000000000001110101111111000000101111110000000000001000000100000000000010000001000000000000100000010000000000001000000100000000000010000000000000000000100000000000000000001100000000000000000000000000000000000000000000000000000000000000000000000000000000000000000000000
0000000000000000000000000000000000000000000000000000000000000000000000000000000000011111111111110000000100000010000000000010000000100000000000100000001000000000001000000010000000000011000000100000000000010000001000000000000000000000000000000000000000000000000000000000000000000000000000000000000000000000000000000000000000000000000000000000000000000000000000000000000000000000000000000000000000000000
0000000000000000000000000000000000000000000000000000000000000000000000000000000000000000000000000000000000000000000000000000000000000000000000001111111111110000000010000100000000000001100001000000000000010000010000000000000100000100000000000001000001000000000000010000010000000000000100000100000000000001000001000000000000001000000000000000000000000000000000000000000000000000000000000000000000000000
0000000000000000000000000000000000000000000000000000000000000000111111111111100000001000000100000000000100000001000000000001000000010000000000010000000100000000000010000001000000000000100000010000000000001000000100000000000010000001000000000000000000010000000000000000000100000000000000000000000000000000000000000000000000000000000000000000000000000000000000000000000000000000000000000000000000000000
0000000000000000000000000000000000000000000000000000000000000000000000000000000000000000000000000000000000000000000000000001111111111111110000010000000100000000000100000001000000000001000000010000000000010000000100000000000100000001000000000000100000010000000000000100000100000000000000000001000000000000000000010000000000000000000000000000000000000000000000000000000000000000000000000000000000000000
0000000000000000000000000000000000000000000000000000000000000000000000000000000000000000000000000000000000000000000000000000001111111111100000000110010000000000000010000100000000000000100001000000000000001000010000000000000010000100000000000000100001000000000000001000010000000000000010000100000000000000100001000000000000001000000000000000000001000000000000000000000000000000000000000000000000000000
0000000000000000000000000000000000000000000000000000000000000000000000000000000000011111111111000000001100000010011111000001000000100000000000010000001000000000000100000010000000000011000000100000000000110000010000000000001100000100000000000001100001000000000000011000000000000000000010000000000000000000011000000000000000000010000000000000000000000000000000000000000000000000000000000000000000000000
0000000000000000000000000000000000000000000000000000000000000000000000000000000000000000000000000000000011111111111100000000111100010000000000011000000100000000000100000001000000000001000000010000000000011000000100000000000011000001000000000000011000000000000000000000000000000000000000000000000000000000000000000000000000000000000000000000000000000000000000000000000000000000000000000000000000000000
0000000000000000000000000000000000000000000000000000000000000000000000000000000000000000000000000000000000000000000000000000000000000000000000000111111111111000000011000001000000000000100000010000000000001000000100000000000010000001000000000000100000010000000000001000000100000000000010100011000000000000110000000000000000000000000000000000000000000000000000000000000000000000000000000000000000000000
0000000000000000000000000000000000000000000000000000000000000000000000000000000000011111111111100000001000000100001111000010000001000000000000010000010000000000000100000100000000000001000001000000000000010000010000000000000100000100000000000000000000000000000000000000000000000000000000000000000000000000000000000000000000000000000000000000000000000000000000000000000000000000000000000000000000000000
0000000000000000000000000000000000000000000000000000000000000000000000000000000000000000000000000000000011111111111111000001000011000000000000010000010000000000000100000100000000000001000001000000000000110000010000000000001110000100000000000011110010000000000000001100100000000000000000000000000000000000000000000000000000000000000000000000000000000000000000000000000000000000000000000000000000000000
0000000000000000000000000000000000000000000000000000000000000000000000000000000000000000000000000000000000000000000000000000000000000000000000000111111111111111000001000000100000000000010000001000000000001100000010000000000110000000100000000001000000001000000000010000000010000000000100000000100000000001000000001000000000011000000010000000000011100000000000000000001000000000000000000000000000000000
0000000000000000000000000000000000000000000000000000000000000000000000000000000000000111111111111110000001000000100000000000100000001000000000001000000010000000000010000000100000000000100000001000000000001000000010000000000010000000100000000000100000001100000000001000000000000000000010000000000000000000010000000000000000000100000000000000000000000000000000000000000000000000000000000000000000000000
