0000000000000000000000000000000000000000000000011111100000000000011000000110000000001000000000010000000100000000000010000001000000000000100000100000000000000100001000000000000001000100000000000000001001000000000000000010010000000000000000100010000000000000010000010000000000001000000100000010000010000000100000100001000000000110001001100000000000000011100000000000000000000000000000000000000000000000
0000000000000000000000000000000000000000000000000000000000000000001111111110000000011100000000111000001100000000000011000010000000000000010000100000000000000110001000000000000000100110000000000000001001000000000010000010001000000000100000100010000000001000001000100000000010000110001100000000101111000001100000001110000000000000000000000000000000000000000000000000000000000000000000000000000000000000
0000000000000000000000000000000000000000000000000000000000000000000000000000000000000000111111000000000001111000011100000001100000000001100000110000000000001000001000000000000001000010000000010000010000100000000100000100001000000001000001000010000000010000010000100000000100001100001000000001101110000001000000001110000000011000000000000000000000000000000000000000000000000000000000000000000000000000
0000001111100000000000011110001111000000001100000000001100000110000000000001100001000000000000001100010000000000000001100100000000000000001010000000000000000010100000000001000000110100000000010000000101000000000100000010010000000001000000100100000000010000011000100000000100000100001000000000100011000001000000001111000000011000000000000000000000000000000000000000000000000000000000000000000000000000
0000000000000000000000000000000000000000000000111111111000000000111000000001100000011000000000001100000100000000000000100011000000000000001100100000000000000001001000000000000000010010000000010000001100100000000100000010001000000001000000100010000000010000011000100000000111001100001100000000011110000001000000000000000000011000000000000000000010000000000000000000100000000000000000000000000000000000
0000000000000000000000000000000000000000000001111100000000000001100000111100000000110000000001110000001000000000000010000010000000000000110000100000000000000100001000000000000000100010000000000000001000100000000010000010001000000000100001000011000000001000010000010000000010000100000100000000110011000001100000000111100000001000000000000000000000000000000000000000000000000000000000000000000000000000
0000000000000000000000000000000000000000000000000000000000000000001111111111000000001110000000011000000110000000000011000011000000000000010000100000000000000100001000000000000000000010000000000000010001000000000100000100010000000001000001000000000000010000010000100000000100001100001100000001000010000001100000011111100000001100000000000000000001100000000000000000000000000000000000000000000000000000
0000000000000000000000000000000000000000000000000000000000000000111111111100000000011000000001110000001100000000000110000010000000000000110000100000000000000110001000000000000000100010000000000000001000100000000100000010001000000001000000100010000000010000000100110000000100000010000111000001000001100000010000001111100000000000000000000000000000000000000000000000000000000000000000000000000000000000
0000000000000000000000000000000000000000000000000000000000000000001111111111000000001110000000011000001100000000000001000010000000000000010000100000000000000100001000000000000000100010000000010000001000100000000100000010001000000001000000100010000000010000001000110000000100000110000110000001111111000000110000000000000000000000000000000000000000000000000000000000000000000000000000000000000000000000
0000000000000000000000000000000000000000000000000001000000000000001111111100000000001110000000110000000100000000000110000010000000000000110000100000000000000110001000000000000000100010000000000000001000010000000100000001000100000001000000010001000000010000000100011000000100000011000011000001000001100000010000011111110000000000000000000000000000000000000000000000000000000000000000000000000000000000
0000000000000000000000000000000000000000000000000000000000000000011111100000000000011100000110000000001100000000011000000110000000000010000001000000000000100000010000000000001100000100000000100001000001000000001000010000010000000010000100000100000001100001000000100000001000010000001000000011001100000001000000011110000000000000000000000000000000000000000000000000000000000000000000000000000000000000
0000000000000000000000000000000000000000000000000000000000000000000000000000000000000000001111000000000000001110011000000000000110000010000000000010000000100000000001000000001000000000110000000010000000001000001000100000000010000010001000000000100000100010000000001000001100100000000010000001111000000000100000000000000000000000000000000000000000000000000000000000000000000000000000000000000000000000
0000000000000000000000000000000000000000000000000000000000000000000000000000000000000000000000000000000000000000000000000000000001111100000000000001100001000000000000110000010000000000011001000100000000000100010001000000000001000110010000000000010000111100000000000000000000000000000000000000000000000000000000000000000000000000000000000000000000000000000000000000000000000000000000000000000000000000
0000000000000000000000000000000000000000000000000000000000000000000000000000000000000000000000000000000000000000000000000000000001111100000000000001110001000000000000100000010000000000010000000010000000001000010000100000000110000100001000000001000001000110000000010000001111000000000000000000000000000000000000000000000000000000000000000000000000000000000000000000000000000000000000000000000000000000
0000000000000000000000000000000000000000000000000000000000000000000000000000000000000000000000000000000000000000000000000000000001111100000000000001100001100000000000110000001000000000011000000010000000000100001000100000000001000010001000000000000000100110000000000000001111000000000000000000000000000000000000000000000000000000000000000000000000000000000000000000000000000000000000000000000000000000
0000000000000000000000000000000000000000000000000000000000000000000000000000000000000000000000000000000000001100000000000000001110111000000000001100000011000000001100000000010000000110000001000010000001000000010000100000100000000100001000000000000001111110000000000000000000000000000000000000000000000000000000000000000000000000000000000000000000000000000000000000000000000000000000000000000000000000
0000000000000000000000000000000000000000000000000000000000000000000000000000000000000000000000000000000000000001100000000000000001101100000000000000100001000000000000010000010000000000001000000100000000000100000001000000000001000100010000000000100001000100000000001000010001000000000100000111100000000000000000000000000000000000000000000000000000000000000000000000000000000000000000000000000000000000
0000000000000000000000000000000000000000000000000000000000000000000000000000000000000000000000000000000000000000000000000000000000000000000000000000001111000000000000000110001000000000000110000010000000000001000000100000000000100000001000000000001000100010000000000010001000100000000001000010001000000000100000111100000000000000000000000000000000000000000000000000000000000000000000000000000000000000
0000000000000000000000000000000000000000000000000000000000000000000000000000000000000000000000000000000000000000000000000000000000000000000000000001111100000000000001100001000000000000110000001000000000001000000011000000000100000100010000000001000010001100000000000000101100000000000000000100000000000000000000000000000000000000000000000000000000000000000000000000000000000000000000000000000000000000
0000000000000000000000000000000000000000000000000000000000000000000000000000000000000000000000000000000000000000000000000000000000111100000000000000110001000000000000011000010000000000001100000100000000000100000001000000000001000110010000000000000001100100000000000000001111000000000000000000000000000000000000000000000000000000000000000000000000000000000000000000000000000000000000000000000000000000
0000000000000000000000000000000000000000000000000000000000000000000000000000000000000000000000000000000000000000000000000000000000000000000000000000000000000000000000000000000000000000000111110000000000000010000010000000000001000000010000000000110000000100000000001000100001000000000000001000010000000000000011000100000000000000001111000000000000000000000000000000000000000000000000000000000000000000
0000000000000000000000000000000000000000000000000000000000000000000000000000000000000000000000000000000000011111100000000000001100001000000000000100000010000000000010000000100000000000000010001000000000000000100010000000000000001100100000000000000000111000000000000000000000000000000000000000000000000000000000000000000000000000000000000000000000000000000000000000000000000000000000000000000000000000
0000000000000000000000000000000000000000000000000000000000000000000000000000000000000000000000000000000000000000000000000000000000000000000000000001111110000000000000110000100000000000011000001000000000000100000001000000000000000100010000000000000001101000000000000000001010000000000000000001100000000000000000000000000000000000000000000000000000000000000000000000000000000000000000000000000000000000
1111111111111111111110000000000000000001100000000000000000011000000000000000000110000000000000000001100000000000000000011000000000000000000110000000000000000001100000000000000000011000000000000000000110000000001000000001100000000010000000011000000000100000000110000000001000000001100000000010000000011000000000100000000110000000001000000001100000000010000000011000000000100000000110000000001111111111
0000000000000000000000000000000000000000000011111111111111100001000000000000001100100000000000000001010000000000000000011100000000000000000111000000000000000001011100000000000000010001000000000000000100010000000000000001000100000010000000010001000000100000000100010000001000000001000100000010000000010001000000100000000100100000001000000010001000000011000000100010000000011111111000000000000000000110
0000000000000000000000000000000000000000000000000000000000000000000000000000000000000000000000000000000000000111100000000000000010001000000000000011000010000000000001100000100000000000010000001000000000001101100010000000000010010000100000000000100100001000000000000001100110000000000000001101000000000000000000100000000000000000000000000000000000000000000000000000000000000000000000000000000000000000
0000000000000000000000000000000000000000000000000000000000000000000000000000000000000000000000000000000000011111111000000000011100000011000000001100000000010000000010000000000100000001000000100001000000010000001000001000001000000010000110000000000000111001000000000000000011110000000000000000000000000000000000000000000000000000000000000000000000000000000000000000000000000000000000000000000000000000
0000000000000000000000000000000000000000000000000000000000000000000000000000000000000000111100000000000000011000100000000000011000001000000000000100000010000000000010000000100000000000000000001000000000000000100010000000000000001001000000000000000011110000000000000000000000000000000000000000000000000000000000000000000000000000000000000000000000000000000000000000000000000000000000000000000000000000
0000000000000000000000000000000000000000000000000000000000000000000000000000000000000000000000000000000000000000000000000000001111111100000000001110000001000000000110000000001000000001000000000010000000010000010000100000000010001100001000000000000010000100000000000000110011000000000000000111100000000000000000000000000000000000000000000000000000000000000000000000000000000000000000000000000000000000
0000000000000000000000000000000000000000000000000000000000000000000000000000000000000111111000000000000011000011000000000000100000010000000000011000000100000000000100110001000000000001001000010000000000000011000100000000000000010011000000000000000111100000000000000000000000000000000000000000000000000000000000000000000000000000000000000000000000000000000000000000000000000000000000000000000000000000
0000000000000000000000000000000000000000000000000000000000000000000000000000000000000000000000000000000000000111100000000000001110001000000000000100000010000000000010000000010000000001100010001100000000000001000010000000000000010000100000000000000011111000000000000000000000000000000000000000000000000000000000000000000000000000000000000000000000000000000000000000000000000000000000000000000000000000
0000000000000000000000000000000000000000000000000000000000000000000000000000000000000000000000000000000000000000000000000000000111110000000000000110000100000000000011000000100000000001100000001000000000010001000010000000000000010000100000000000000100001000000000000001100100000000000000001111000000000000000000000000000000000000000000000000000000000000000000000000000000000000000000000000000000000000
0000000000000000000000000000000000000000000000000000000000000000000000000000000000000000000000000000000000000000000000000000000011000000000000000011001000000000000011000011000000000001100000010000000000010001000100000000000100010001000000000001000100010000000000000001000100000000000000001111000000000000000000000000000000000000000000000000000000000000000000000000000000000000000000000000000000000000
0000000000000000000000000000000000000000000000000000000000000000000000000000000000000000000000000000000000000000000000000000000111111000000000000110000010000000000010000000100000000001000000001000000000010000100010000000000000001000100000000000000011011000000000000000011100000000000000000000000000000000000000000000000000000000000000000000000000000000000000000000000000000000000000000000000000000000
0000000000000000000000000000000000000000000000000000000000000000000000000000000000000000000000000000000000000000000000000000000000000000000000000011111100000000000011000001000000000001100000010000000000110000000100000000000100001001000000000001000010010000000000000000110100000000000000000011000000000000000000000000000000000000000000000000000000000000000000000000000000000000000000000000000000000000
0000000000000000000000000000000000000000000000000000000000000000000000000000000000000000000000000000000000000000000000000000000000000000000000000011111110000000000011000000100000000000100000001000000000000000000010000000000000000000100000000000000010001000000000000000100110000000000000001110000000000000000000000000000000000000000000000000000000000000000000000000000000000000000000000000000000000000
0000000000000000000000000000000000000000000000000000000000000000000000000000000000000000000000000000000000000000000000000000000000000000000000001111111000000000000100000010000000000011000000100000000000000000001000000000000000010001000000000000000100010000000000000001101000000000000000001110000000000000000000000000000000000000000000000000000000000000000000000000000000000000000000000000000000000000
0000000000000000000000000000000000000000000000000000000000000000000000000000000000000000000000000000000000001110000000000000001100010000000000001100000100000000000110000001000000000001000000010000000000000000100100000000000000001010000000000000000011100000000000000000000000000000000000000000000000000000000000000000000000000000000000000000000000000000000000000000000000000000000000000000000000000000
0000000000000000000000000000000000000000000000000000000000000000000000000000000000000000000000000000000000000000000000000000000000000000000000000011111000000000000001100001000000000000110000011000000000001000000010000000000010001000100000000000100001001000000000001000011110000000000010000000000000000000000000000000000000000000000000000000000000000000000000000000000000000000000000000000000000000000
0000000000000000000000000000000000000000000000000000000000000000000000000000000000000000000000000000000000000000000000000000000000000000000000000000000000000000000011111000000000000001100010000000000000010000100000000000001000001000000000000110010010000000000001000101100000000000000000110000000000000000000100000000000000000000000000000000000000000000000000000000000000000000000000000000000000000000
0000000000000000000000000000000000000000000000000000000000000000000000000000000000000000000000000000000000000000000000000000000111100000000000000110001000000000000010000001000000000001000000010000000000010000100100000000000000001001000000000000000001010000000000000000001100000000000000000000000000000000000000000000000000000000000000000000000000000000000000000000000000000000000000000000000000000000
