0000000000000000000000000000000000000000000000000000000000000000000000000000000000000000000000000000000000000000000000000000000000000001100000000000000000000100000000000000000000100000000000000000001000000000000000000010000000000000000000100000000000000000010000000000000000001000011111111111111100000000000000000000000000000000000000000000000000000000000000000000000000000000000000000000000000000000
0000000000000000000000000000000000000000000000000000000000000000000000000000000000000000000000000000000000000000111000000000000000000011100000000000000000001100000000000000000001000000000000000000011000000000000000000010000000000000000001100000000000000000010000000000000000001100011111111111111110000000000000000000000000000000000000000000000000000000000000000000000000000000000000000000000000000000
0000000000000000000000000000000000000000000000000000000000000000000000000000000000000000000000000000000000000011111000000000000000000001100000000000000000001100000000000000000001000000000000000000010000000000000000000100000000000000000001000011110000001111110001100001111100000000000000000000000000000000000000000000000000000000000000000000000000000000000000000000000000000000000000000000000000000000
0000000000000000000000000000000000000000000000000000000000000000000000011100000000000000001000110000000000000000000010000000000000000000110000000000000000000100000000000000000001000000000000000000010000000000000000001100000000000000001110000111111111111110000000000000000000000000000000000000000000000000000000000000000000000000000000000000000000000000000000000000000000000000000000000000000000000000
0000000000000000000000000000000000000000000000000000000000000000000000000000000000000000000000000000000000000000000000000000000000000000000000000000000000000000000000000000000000000000000000111100000000000000000001110000000000000000000110000000000000000000100000000000000000001000000000000000000010000000000000000000100001111111011111111000000000011000000000000000000000000000000000000000000000000000
0000000000000000000000000000000000000000000000000000000000000000000000000000000000000000000110000000000000000000011100000000000000000001100000000000000000001000000000000000000001000000000000000000010000000000000000001100000000000000000010000111000000000011000000011111111111100000000000000000000000000000000000000000000000000000000000000000000000000000000000000000000000000000000000000000000000000000
0000000000000000000000000000000000000000000000000000000000000000000000000000000000000000011110000000000000000000111000000000000000000011000000000000000000010000000000000000000010000000000000000000100000000000000000010000011100000000011100000001111111111100000000000000000000000000000000000000000000000000000000000000000000000000000000000000000000000000000000000000000000000000000000000000000000000000
0000000000000000000000000000000000000000000000000000000000000000000000000000000000000000000000000000000000000000000000000000000000000000000000000000001100000000000000000000111100000000000000000001100000000000000000001100000000000000000001000000000000000000010000000000000000001100011110000000001110000000111111111110000000000000000000000000000000000000000000000000000000000000000000000000000000000000
0000000000000000000000000000000000000000000000000000000000000000000000000000000000000000011110000000000000000000111000000000000000000011000000000000000000011000000000000000000011000000000000000000010000000000000000000100000000000000000001000000000000000000100000000000011000111000011111111111111000000000000000000000000000000000000000000000000000000000000000000000000000000000000000000000000000000000
0000000000000000000000000000000000000000000000000000000000000000000000000000000000000000000111000000000000000000001100000000000000000001100000000000000000001000000000000000000001000000000000000000110000000000000001111000011110111111100000000000111000000000000000000000000000000000000000000000000000000000000000000000000000000000000000000000000000000000000000000000000000000000000000000000000000000000
0000000000000000000000000000000000000000000000000000000000000000110000000000000000001000000111110000000010000000000100000000100000000001000000001000000000010000000010000000000100000000100000000001000000001111111111110000000010000000000000000000100000000000000000001000000000000000000010000000000000000000100000000000000000000000000000000000000000000000000000000000000000000000000000000000000000000000
0000000000000000000000000000000000000000000000000000000000000000100000000000000000001000000000000000000010000000000100000000100000000001000000001000000000010000000011000000000100000000111000000011000000001011100001100000000010000111110000000000100000000000000000001000000000000000000010000000000000000000100000000000000000000000000000000000000000000000000000000000000000000000000000000000000000000000
0000000000000000000000000000000000001100000000000000000001000000000000000000010000010000000000000110000100000000000000100001000000000000001000010000000000000110001000000000000001000011100000000000110000100111111111111000001000000000000000000010000000000000000000100000000000000000001000000000000000000000000000000000000000000000000000000000000000000000000000000000000000000000000000000000000000000000
0000000000000000000000000000000000000000000000000000000000000000000000000000000000000000000000000100000100000000000001000011000000000000010000100000000000001100001000000000000110000011100000000111000000100111111111000000001000000000000000000010000000000000000000100000000000000000001000000000000000000010000000000000000000100000000000000000000000000000000000000000000000000000000000000000000000000000
0000000000000000000000000000000000000000000000000000000000000000000000000011000000000000000000011000010000000000000010000100000000000000100001000000000000011000100000000000001100000000000000001110000011111111111100000000000000000000000000001000000000000000000010000000000000000000100000000000000000001000000000000000000011000000000000000000100000000000000000001000000000000000000000000000000000000000
0000000000000000000000000000000000000000000000000000000110000000000000000000100000000000000000001000000010000000000010000001000000000000100000010000000000011000000100000000000100000001000000000110000000011111111111000000000100000000000000000001000000000000000000010000000000000000000100000000000000000000000000000000000000000000000000000000000000000000000000000000000000000000000000000000000000000000
0000000000000000000000000000000000000000000000000000000110000000000000000000100000000000000000001000000000000000000010000000100000000000100000011000000000001000000100000000000010000001000000000001000000010000000001100000000100000011100000000001111111000000000000010000000000000000000100000000000000000001000000000000000000010000000000000000000000000000000000000000000000000000000000000000000000000000
0000000000000000000000000000000000000000000000000000000100000000000000000001000000000000000000010000000000000000000010000000100000000000100000001000000000001000000100000000000010000001000000000001100000010000000000110000000110000000011000000001111111111000000000010000000000000000000100000000000000000001000000000000000000010000000000000000000100000000000000000000000000000000000000000000000000000000
0000000000000000000000000000000000000000000000000011110000000000000000000111000000000000000000011000000000000000000011000000000000000000010000000000000000000100000100000000000001000001000000000000110000010000000000011000000111111000011100000001000000111000000000010000000000000000000100000000000000000001000000000000000000010000000000000000000000000000000000000000000000000000000000000000000000000000
0000000000000000000000000000000000000000000000000000010000000000000000000011000000000000000000001000000000000000000001000000000000000000001000000100000000000010000001000000000001100000100000000000010000001000000000011000000010000000011100000000111111111100000000001000000000000000000010000000000000000000100000000000000000001000000000000000000010000000000000000000000000000000000000000000000000000000
0000000000000000000000000000000000000000000000000000000000000000000000000000000000000000000000000000000000000001100000000000000000000110000000000000000000110000000000000000000100000001000000000001000000010000000000010000000100000000001100000001111111111110000000100000000000000000001000000000000000000010000000000000000000100000000000000000001000000000000000000000000000000000000000000000000000000000
0000000000000000000000000000000000000000000000000000000000000000000000000000000000000000000000000000000000000001100000000000000000001100000000000000000000011000000000000000000010000000000000000000100000000000000000001000000000000000000010000011000000000011100000001111011111000000000000000000000000000000000000000000000000000000000000000000000000000000000000000000000000000000000000000000000000000000
0000000000000000000000000000000000000000000000000000000000000000000000001110000000000000000000100000000000000000000110000000000000000000110000000000000000000110000000000000000000100000000000000000001000000000000000000010000000000000000011000000000000011111000000111111111000000000000000000000000000000000000000000000000000000000000000000000000000000000000000000000000000000000000000000000000000000000
0000000000000000000000000000000000000000000000000000000000000000000000000000000000000000000000000000000000000001110000000000000000000111100000000000000000001100000000000000000001000000000000000000001000000000000000000110000000000000000011000000000000000001100000000000011011000000011111110000000000000000000000000000000000000000000000000000000000000000000000000000000000000000000000000000000000000000
0000000000000000000000000000000000000000000000000000000000000000000000000000000000000000000000000000000000000111100000000000000000000111000000000000000000011000000000000000000011000000000000000000001000000000000000000010000000000000000001100000000000000000110000000000000001110000000111111111100000000011000000000000000000000000000000000000000000000000000000000000000000000000000000000000000000000000
0000000000000000000000000000000000000000000000000000000000000000000000000000000000000000000011000000000000000000001100000000000000000001100000010000000000001100000100000000000001000001000000000000001000010000000000000010001000000000000001100010000000000111110001111111111100000000001000000000000000000010000000000000000000100000000000000000001000000000000000000010000000000000000000100000000000000000
0000000000000000000000000000000000000000000000000000000000000000000000001100000000000000000000110000000000000000000110000000000000000000110000000000000000000100000000000000000000100000000000000000001000000000000000000110000000000000000110000000000000001110000000011111111100000000000000000000000000000000000000000000000000000000000000000000000000000000000000000000000000000000000000000000000000000000
0000000000000000000000000000000000000000000000000000000000000000000000000000000000000000000000000000000000000000000000000000000000000111100000000000000000001100000000000000000000100000000000000000011000000000000000000100000000000000000111000111111111111110000000000000000000000000000000000000000000000000000000000000000000000000000000000000000000000000000000000000000000000000000000000000000000000000
0000000000000000000000000000000000000000000000000000000000000000000000000000000000000000000000000000000000000000000110000000000000000000010000001000000000000011000100000000000000010001000000000000000100010000000000000011000100000000000011100111110110111111000000010000000000000000000000000000000000000000000000000000000000000000000000000000001000000000000000000000000000000000000000000000000000000000
0000000000000000000000000000000000000000000000000000000000000000000000000000000000000000000000000000000000000000000000000000000000000011110000000000000000000011000001000000000000010000010000000000000000001100000000000000000010000000000000010000100000000000111001111111111111011000000010000000000000000000100000000000000000001000000000000000000010000000000000000000100000000000000000000000000000000000
0000000000000000000000000000000000000000000000000000000000000000000000000000000000000000000000000000000000000000000000000000000000011111000000000000000000001110000000000000000000100000000000000000001000000000000000000010000000000000000001000000000000000000100000000000000111100000011111111111000000000000000000000000000000000000000000000000000000000000000000000000000000000000000000000000000000000000
0000000000000000000000000000000000000000000000000000000000000000000000000000000000000000000000000000000000000001111111000000100000000000010000001000000000000010000110000000000000100001000000000000010000010000000000000100000100000000000110000001000000001100000001111101111100000000000100000000000000000001000000000000000000010000000000000000000100000000000000000000000000000000000000000000000000000000
0000000000000000000000000000000000000000000000000000000000000000000000000000000000000000000111110000000000000000000011000000000000000000010000000000000000000010000110000000000000100001000000000000001000010000000000000110000100000000000001000001000000000001100000111111111110000000000100000000000000000001000000000000000000100000000000000000001000000000000000000000000000000000000000000000000000000000
0000000000000000000000000000000000000000000000000000000000000000000000000000000000000000000000000000000000000011111100000000000001100000100000000000000000001000001000000000000010000010000000000000100000100000000000001000001000000000000100000011111111111110000000100000000000000000001000000000000000000010000000000000000000100000000000000000000000000000000000000000000000000000000000000000000000000000
0000000000000000000000000000000000000000000000000000000000000000000000000000000000000000000000000000000000000000000000000000000000001110000000000000000000011000000000000000000001000000000000000000010000000000000000001100000000000000000110000000000000000011000000000000000111000000001111111110000000000000000000000000000000000000000000000000000000000000000000000000000000000000000000000000000000000000
0000000000000000000000000000000000000000000000000000000000000000000000000000000000000000000000000000000000000000000000000000000000011100000000000000000000111000000000000000000011000000000000000000010000000000000000000100000000000000000111000000000000000110000001111111101110000000000000000000000000000000000000000000000000000000000000000000000000000000000000000000000000000000000000000000000000000000
0000000000000000000000000000000000000000000000000000000000000000000000000000000000000000000000000000000000000000000000000000000000000000000000000000000000111110000000000000000000100000000000000000001000000000000000000110000000000000000011000000000000111111000001111111110000000000000000000000000000000000000000000000000000000000000000000000000000000000000000000000000000000000000000000000000000000000
0000000000000000000000000000000000000000000000000000000000000000000000000000000000000000000000000000000000000000111000000000000000000011000000000000000000010000000000000000000110000001000000000000100000010000000000001000000100000000000110000111111111111111000000100000000000000000001000000000000000000010000000000000000000100000000000000000000000000000000000000000000000000000000000000000000000000000
0000000000000000000000000000000000000000000000000000000000000000000000000000000000000000000000000000000000000000000000000000000000000000000000000000000111110000000000000000000011000000000000000000010000000000000000000100000000000000000010000000000000000011000011111111111111100000000000000000000000000000000000000000000000000000000000000000000000000000000000000000000000000000000000000000000000000000
0000000000000000000000000000000000000000000000000000000000000000000000000000000000000000000000000000000000000000000000000000000000000000000000000000000000000000000000000000011111000000000000000000001000000000000000000001000000000000000000010000000000000000001100000000000000001100111111111111111100000000000000000000000000000000000000000000000000000000000000000000000000000000000000000000000000000000
0000000000000000000000000000000000000000000000000000000000000000000000000000000000000000000000000000000000000000000000000000000000000000000000000000000001111100000000000000000001100000000000000000001100000000000000000001000000000000000000110000000000000000111000000000000011110000111111111111000000000000000000000000000000000000000000000000000000000000000000000000000000000000000000000000000000000000
0000000000000000000000000000000000000000000000000000000000000000000000000000000000000000000000000000000000000000011110000000000000000000011000000000000000000011000000000000000000010000000000000000000100000000000000000011000000000000000111000111111111111100000000000000000000000000000000000000000000000000000000000000000000000000000000000000000000000000000000000000000000000000000000000000000000000000
0000000000000000000000000000000000000000000000000000000000000000000000000000000000000000000000000000000000000000110000000000000000100011100000000000000000000100000000000000000000100000000000000000001000000000000000000010000000000000000001101111111111111111100000000000000000000000000000000000000000000000000000000000000000000000000000000000000000000000000000000000000000000000000000000000000000000000
0000000000000000000000000000000000000000000000000000000000000000000000000000000000000000000000000000000000000000000000000000100000000111100000001000000000000110000110000000000000100001000000000000001000010000011100011100111111111111111000000001000000000000000000010000000000000000000100000000000000000001000000000000000000000000000000000000000000000000000000000000000000000000000000000000000000000000
0000000000000000000000000000001111000000000000000000001000000000000000000001000000000000000000001000000000000000000010000000000000000000100000000000000000001000000000000000000010000000000000000001100000000000000001110000000000000001110000000111111111110000000000000000000000000000000000000000000000000000000000000000000000000000000000000000000000000000000000000000000000000000000000000000000000000000
0000000000000000000000000000000000000000000000000000000000000000000000000000000000000000011111100000000000000000001100000000000000000000100000000000000000000000000000000000000010000000000000000000100000000000000000010000000000000000001000000000000000011100000001111111111000000000000000000000000000000000000000000000000000000000000000000000000000000000000000000000000000000000000000000000000000000000
0000000000000000000000000000000000000000000000000000000000000000000000000000000000000000001111110000000000000000000110000000000000000000100000000000000000001000000000000000000010000000000000000000100000000000000000001000000000000000001100000000000000001110000011111111111100000000000000000000000000000000000000000000000000000000000000000000000000000000000000000000000000000000000000000000000000000000
0000000000000000000000000000000000000000000000000000000000000000000000000111000000000000000111001100000000000000000000110000000000000000000100000000000000000001000000000000000000010000000000000000000100000000000000000010000000000000000001101110000000000000110000011111111111110000000000000000000000000000000000000000000000000000000000000000000000000000000000000000000000000000000000000000000000000000
0000000000000000000000000000000000000000000000000000000000000000000000000000000000000000000000000000000000000000000000000000000000011100000000000000000000011100000000000000000000100000000000000000011000000000000000000100000000000000000110001111111111111110000000000000000000000000000000000000000000000000000000000000000000000000000000000000000000000000000000000000000000000000000000000000000000000000
0000000000000000000000000000000000000000000000000000000000000000000000000000000000000000000000000000000000000000000000000000000000000000000000000000001111110000000000000000000110000000000000000000010000000000000000001100000000000000000110000000000000001111000000000001111100000000011111100000000000000000000000000000000000000000000000000000000000000000000000000000000000000000000000000000000000000000
0000000000000000000000000000000000000000000000000000000000000000000000000000000000000000000000000000000000000000000000000000000000111110000000000000000000010000000000000000000010000001000000000000100000010000000000001000001100000000000110000010000000000011000000100000000111000000011111011110000000000010000000000000000000100000000000000000001000000000000000000010000000000000000000000000000000000000
0000000000000000000000000000000000000000000000000000000000000000000000000000000000000000000000000000000000000000000000000000000000011100000000000000000000110000000000000000000011000000000000000000010000000000000000001100000000000000000110000000000000000111000001111111111111000000000000000000000000000000000000000000000000000000000000000000000000000000000000000000000000000000000000000000000000000000
0000000000000000000000000000000000000000000000000000000000000000000000000000000000000000000000000000000000000000000000000000000000011110000000000000001100111000000000000000000011000000000000000000010000000000000000001100000000000000000110000000000000001110000001111111111000000000000000000000000000000000000000000000000000000000000000000000000000000000000000000000000000000000000000000000000000000000
0000000000000000000000000000000000000000000000000000000000000000000000000000000000000000000000000000000000000001110000000000000000010011100000000000000000001100000000000000000001000000100000000000010000010000000000001100000100000000000010000001000000001111000011111110111000000000000100000000000000000001000000000000000000010000000000000000000000000000000000000000000000000000000000000000000000000000
0000000000000000000000000000000000000000000000000000000000000000000000000000000000000000000000000000000000000000000000000000000000001100000000000000000000111000000000000000000001000000010000000000010000000100000000001000000010000000001110000011111111111110000000001000000000000000000010000000000000000000100000000000000000000000000000000000000000000000000000000000000000000000000000000000000000000000
0000000000000000000000000000000000000000000000000000000000000000000000000000000000000000000000000000000000000000000000000000000000000000000000000000000011111100000000000000000000100000010000000000001000001000000000000010000010000000000011000000100000000011100001111111101110000000000010000000000000000000100000000000000000011000000000000000000000000000000000000000000000000000000000000000000000000000
0000000000000000000000000000000000000000000000000000000000000000000000000000000000000000000000000000000000000000000000000000000000000000000000000000001111100000000000000000001100000000000000000000100000001000000000011000000010000000000100000000100000000111000001111111111111000000000100000000000000000001000000000000000000010000000000000000000000000000000000000000000000000000000000000000000000000000
0000000000000000000000000000000000000000000000000000000000000000000000000000000000000000000000000000000000000000000000000000000000000000000000000000000011111000000000000000000001000000000000000000010000000001000000000100000000110000000011000000001000110111000000111110110000000000000001000000000000000000010000000000000000000000000000000000000000000000000000000000000000000000000000000000000000000000
0000000000000000000000000000000000000000000000000000000000000000000000000000000000000000001110000000000000000000101100000000000000000001000000000000000000001000000100000000000010000001000000000000100000010000000000001000000100000001111100000001111111100000000000010000000000000000000100000000000000000001000000000000000000000000000000000000000000000000000000000000000000000000000000000000000000000000
0000000000000000000000000000000000000000000000000000000000000000000000011111000000000000000000001000000000000000000001000000100000000000010000001000000000000100000010000000000001000000100000000000110000011000000000110000000111111111110000000000100000000000000000001000000000000000000010000000000000000000100000000000000000001000000000000000000000000000000000000000000000000000000000000000000000000000
0000000000000000000000000000000000000000000000000000000000000000000000011111000000000000000000001100000000000000000001000000000000000000010000000000000000001100000000000000000110000001000000000011000000010000001101000000001111111000000000000001000000000000000000010000000000000000000100000000000000000001000000000000000000010000000000000000000000000000000000000000000000000000000000000000000000000000
0000000000000000000000000000000000000000000000000000000000000000000000000000000000000000000011000000000000000000001110000000000000000000100000000000000000001000000100000000000110000001000000000111000000010000001110000000000101101100000000000011100000000000000000010000000000000000000100000000000000000001000000000000000000010000000000000000000100000000000000000000000000000000000000000000000000000000
0000000000000000000000000000000000000000000000000000000000000000000000000000000000000000000000000000000000000111100000000000000000000111000000000000000000010000000000000000000100000000010000000001000000000100000001110000000111111111100000000000100000000000000000001000000000000000000010000000000000000000100000000000000000001000000000000000000000000000000000000000000000000000000000000000000000000000
0000000000000000000000000000000000000000000000000000000000000000000000000000000000000000000000000000000000000000010111100000000000000000000100000000000000000001000000000000000000010000100000000000011000001000000010111000001111111010000000000000100000000000000000001000000000000000000010000000000000000000100000000000000000001000000000000000000000000000000000000000000000000000000000000000000000000000
0000000000000000000000000000000000000000000000000000000000000000000000000000000000000000000000000000000000000000111000000000000000001001100000000000000000000100000000000000000001000000000000000000110000010000000000011000000100000000011100000101000000111100000001111111110000000000000100000000000000000001000000000000000000010000000000000000000100000000000000000000000000000000000000000000000000000000
0000000000000000000000000000000000000000000000000000000000000000000000000000000000000000000000000000000000000000111110000000000000000000010001000000000000000100010000000000000001000100000000000000110001000000000001110000010000000011110000000111111111100000000001000000000000000000010000000000000000000100000000000000000001000000000000000000010000000000000000000100000000000000000000000000000000000000
0000000000000000000000000000000000000000000000000000000000000000000000000000000000000000000011000000000000000000001110000000000000000000100000000000000000000000001000000000000010000010000000000000100000100000000000110000001000000001111000000011111111100000000000100000000000000000001000000000000000000010000000000000000000010000000000000000000100000000000000000001000000000000000000000000000000000000
0000000000000000000000000000000000000000000000000000000000000000000000001100000000000000000001100000000000000000001100000000000000000000110000000000000000000100000000000000000011000000000000000000100000100000110000110000000000011000010000000100011111111000000001111000000000000000010000000000000000000100000000000000000001000000000000000000010000000000000000000100000000000000000000000000000000000000
0000000000000000000000000000000000000000000000000000000000000000000000000000000000000000000000000000000000000000000000000000000000011111100000000000000000001000000000000000000001000000000000000000010000100000000000001100001000000000001100000010000000001110000000100111111100000000011110000000000000000010000000000000000000100000000000000000001000000000000000000010000000000000000000000000000000000000
