0000000000000000000000111111111111111100001100000000000000000000110000000000000000000011000000000000000000001100000000000000000000110000000000000000000011000000000000000000001100000000000000000000110000000000000000110000000000000000110000000000000000110000000000000000110000000000000000110000000000000000110000000000000000110000000000000000001111111111111111000000000000000000000000000000000000000000
0000000000000000000000000000000000000000000000000011111111110001111111000000000001110000000000000000011110000000000000000000111100000000000000000001110000000000000000000111100000000000000000000111100000000000000000001110000000000000111111000000000001110000000000000011100000000000000111100000000000000111000000000000000001111111111111110111000000000000000000000000000000000000000000000000000000000000
0000000000000000000000000000000000000000000000000000001111100000000000011100000000000000011000000000000000111000000000000000110000000000000000110000000000000000110000000000000000000111111100000000000000000001111100000000000000000011000000000000000111100000000000001110000000000000011100000000000000000001111111000000000000000000011111111110000000000000000000000000000000000000000000000000000000000000
0000000000000000000000000000000000000000000000000000000000000000000000011111110000000011111000000000001111100000000000000111000000000000000000001111100000000000000000001111111100000000000000000011100000000000000111100000000001111110000000000011110000000000000001100000000000000000001111100000000000000000001111111100000000000000000000111100000000000000000000000000000000000000000000000000000000000000
0000000000000000000000000000000000000110000000000000011111000000000001111000000000000111100000000000000111000000000000000011000000000000000000011111000000000000000000011111000000000000000000011111110000000000000111100000000000000110000000000000000011000000000000000011000000000000000001100000000000000011100000000000000000011111111111100000000000000000000111100000000000000000000000000000000000000000
0000000000000000000000000000000000000000000000000011111111000000001111100000000000011100000000000000001100000000000000000001111000000000000000000001111000000000000000000001110000000000000000001111110000000000011100000000000000011100000000000000011100000000000000011100000000000000001110000000000000000000011111000000000000000000011111000000000000000000001111000000000000000000000000000000000000000000
0000000000000000000000000000000000000000000000000000000000000000000000000011100000111111111111100000011000000000000000000011110000000000000000000011111000000000000000000001111000000000000000000001110000000001111111100000000011110000000000000001100000000000000001100000000000000000011111110000000000000000000111111100000000000000000000111100000000000000000000000000000000000000000000000000000000000000
0000000000000000000000000000000000001100000000000000011110000000000000011100000000000001111000000000000011100000000000000011000000000000000001111100000000000000000000111110000000000000000000011111000000000000000000011100000000000000111100000000000000110000000000000000110000000000000001110000000000000011100000000000000001111100000000000000000001111111000000000000000000001111110000000000000000000000
0000000000000000000000000000000000000000000000000000001111100000000000111110000000000001111000000000000011100000000000000011100000000000000001110000000000000000000011111110000000000000000000011111000000000000000000011100000000000000111000000000000001110000000000000111100000000000001110000000000000000111000000000000000000001111110000000000000000000011111111000000000000000000000000000000000000000000
0000000000000000000000000000000000000100000000000000011110000000000001111000000000000000110000000000000001110000000000000000110000000000000000110000000000000000011111111100000000000000000001111111110000000000000001110000000000000011100000000000000111100000000000001110000000000000011110000000000000000111111100000000000000000001111111111000000000000000000011000000000000000000000000000000000000000000
0000000000000000000000000000110000000000000011111011111110000000010000000000000000000011000000000000000000011100000000000000000001100000000000000000001100000000000000000000110000000000000000000110000000000000000001000000000000000011100000000000000111000000000000001111000000000000000111111110000000000000000000111111100000000000000000000000000000000000000000000000000000000000000000000000000000000000
0000000000000000000000000000000000000000000000000000000000000000000111111111100000000001000000000000000000010000000000000000000110000000000000000000010000000000000000000011000000000000000000010000000000000000011000000000000000001000000000000000000100000000000000000001000000000000000000011111111110000000000000000000000000000000000000000000000000000000000000000000000000000000000000000000000000000000
0000000000000000000000000000000000000000000000000000000000000000001111111111111000000010000000000000000000100000000000000000001000000000000000000011100000000000000000000111100000000000000000000110000000000000111111000000000000010000000000000000111000000000000000001000000000000000000011111111111111000000000000000000000000000000000000000000000000000000000000000000000000000000000000000000000000000000
0000000000000000000000000000001111111110000001111100000000000000010000000000000000000100000000000000000000100000000000000000000110000000000000000000011000000000000000000001100000000000000000000100000000000000001111000000000000011100000000000000111000000000000000011000000000000000000011000000000000000000011111111111101000000000000000001110000000000000000000000000000000000000000000000000000000000000
0000000000000000000000000000000000111100000000011111100000000000011000000000000000000010000000000000000000011000000000000000000011000000000000000000001000000000000000000110000000000000000011000000000000000011000000000000000001100000000000000000001110111110000000000000000000011110000000000000000000000000000000000000000000000000000000000000000000000000000000000000000000000000000000000000000000000000
0000000000000000000000000000000000000000000000000000011111000000011111110000000000011100000000000000000010000000000000000000110000000000000000000011100000000000000000000110000000000000000000011000000000000000011100000000000000111000000000000000111000000000000000001100000000000000000000111111111111000000000000000000000000000000000000000000000000000000000000000000000000000000000000000000000000000000
0000000000000000000000000000000000000000000000000000000011000000000001111111100000001111000000000000000011000000000000000000011100000000000000000000111000000000000000000011000000000000000011100000000000000011100000000000000001100000000000000000100000000000000000001111111111111000000000000000000001000000000000000000000000000000000000000000000000000000000000000000000000000000000000000000000000000000
0000000000000000000000000000000000000100000000011111111111000000011100000000000000000100000000000000000000100000000000000000000110000000000000000000110100000000000000000001100000000000000000011000000000000000011000000000000000011000000000000000011000000000000000000100000000000000000000111100000000000000000000111111110000000000000000000000000000000000000000000000000000000000000000000000000000000000
0000000000000000000000000000000000111100000000000111100000000000011110000000000000000100000000000000000000100000000000000000000110000000000000000000110000000000000000000010000000000000000001100000000000000001100000000000000001100000000000000000110000000000000000001100000000000000000001111111111111000000000000000000000000000000000000000000000000000000000000000000000000000000000000000000000000000000
0000000000000000000000000000000000000000000000000000011111000000000010111000000000001110000000000000000011000000000000000000001111000000000000000000001100000000000000000011000000000000000111100000000000000110000000000000000011000000000000000000111000000000000000000001011111111100000000000000000000000000000000000000000000000000000000000000000000000000000000000000000000000000000000000000000000000000
0000000000000000000000000000000000000000000000000000001111000000000001101100000000000111100000000000000001000000000000000000001100000000000000000000111000000000000000000011000000000000000000011000000000000000001100000000000000000100000000000000000110000000000000000011111111100000000000000000000000000000000000000000000000000000000000000000000000000000000000000000000000000000000000000000000000000000
0000000000000000000000000000000000000000000000000000001111000000000001111100000000000111000000000000000001100000000000000000001100000000000000000000011000000000000000000001100000000000000000001000000000000000011100000000000000011100000000000000001100000000000000000100000000000000000000111100000000000000000000111111111000000000000000000000000000000000000000000000000000000000000000000000000000000000
0000000000000000000000000000000000000000000000000000000001100000000001110111100000001111100000000000000010000000000000000000111000000000000000000001110000000000000000000001100000000000000000000100000000000000001110000000000000001100000000000000011000000000000000000100000000000000000001111101000000000000000000001111111000000000000000000000000000000000000000000000000000000000000000000000000000000000
0000000000000000000000000000000000000000000000000000000000100000000000000000111000000000000110100000000001111110000000000001100000000000000000001110000000000000000000011110000000000000000000111000000000000000000111000000000000011110000000000000111000000000000000001000000000000000000011111111111111000000000000000000011000000000000000000000000000000000000000000000000000000000000000000000000000000000
0000000000000000000000000000000000001110000000001110101100000000011100000000000000011000000000000000000100000000000000000000110000000000000000000011000000000000000000001110000000000000000000011000000000000000000111000000000000001111000000000000011100000000000000001000000000000000000011111111111111000000000000000000000000000000000000000000000000000000000000000000000000000000000000000000000000000000
0000000000000000000000000000000000000000000000000000000000000000011111011111111000001100000000000000000011000000000000000000001100000000000000000001110000000000000000000111000000000000000000011000000000000000000011000000000000011110000000000000011100000000000000011000000000000000000001111111111111000000000000000000000000000000000000000000000000000000000000000000000000000000000000000000000000000000
0000000000000000000000000000000000000000000000000000000000000000000000111111100000000011110000000000000000100000000000000000001000000000000000000001110000000000000000000111000000000000000000001100000000000000011111000000000000111000000000000000011000000000000000001100000000000000000000111011100000000000000000000011110000000000000000000000000000000000000000000000000000000000000000000000000000000000
0000000000000000000000000000000000000000000000000000000011000000000000011101000000000011101000000000000111100000000000000001100000000000000000001110000000000000000000011100000000000000000000101000000000000000000011100000000000001111100000000000001100000000000000001100000000000000000010000000000000000000111000000000000000000001111111110000000000000000000110000000000000000000000000000000000000000000
0000000000000000000000000000000000000000000000000000000000000000000000000000000000000000001111110000000011111000000000000000110000000000000000000110000000000000000000110000000000000000000011110000000000000000000011100000000000000000101000000000000011100000000000000011000000000000000011100000000000000001100000000000000000001111111111111000000000000000000000000000000000000000000000000000000000000000
0000000000000000000000000000000000000000000000000011111110000000001111000000000000000010000000000000000000110000000000000000000010100000000000000000000110000000000000000000110000000000000000000010000000000000000011100000000000001111000000000000000100000000000000000000111110000000000000000000011111000000000000000000000000000000000000000000000000000000000000000000000000000000000000000000000000000000
0000000000000000000000000000000000000000000000000000110111000000000001110000000000000111100000000000000010000000000000000000011000000000000000000001100000000000000000000011000000000000000000110000000000000001100000000000000011100000000000000000100000000000000000000111000000000000000000001111111000000000000000000011100000000000000000000000000000000000000000000000000000000000000000000000000000000000
0000000000000000000000000000000000000000000000000000001111100000000011111100000000000011100000000000000000100000000000000000000110000000000000000000111000000000000000000001110000000000000000000100000000000000000110000000000000001110000000000000001110000000000000000011100000000000000000000110100000000000000000000111111100000000000000000001000000000000000000000000000000000000000000000000000000000000
0000000000000000000000000000000000000000000000000000000001000000000000000011110000000111111111110000000011000000000000000000110000000000000000000011000000000000000000001110000000000000000000011100000000000000000001100000000000001111111000000000011100000000000000001100000000000000000001110000000000000000000111000000000000000000001111111010000000000000000001100000000000000000000000000000000000000000
0000000000000000000000000000000000000100000000000000111110000000000001110000000000000001110000000000000001100000000000000000010000000000000000000011110000000000000000000011110000000000000000001110000000000000111100000000000001110000000000000000110000000000000000001100000000000000000000111000000000000000000000101111110000000000000000000000000000000000000000000000000000000000000000000000000000000000
0000000000000000000000000000000000000000000000000000011111100000000001111000000000001110100000000000001100000000000000000000111000000000000000000001100000000000000000000111100000000000000000001110000000000000000111000000000000111100000000000001110000000000000000110000000000000000000111111000000000000000000011011111100000000000000000001100000000000000000000000000000000000000000000000000000000000000
0000000000000000000000000000000000000000000000000000000000000000000000000001011100000011111101000000000111000000000000000000011110000000000000000000011110000000000000000000110000000000000000011100000000000000011000000000000000111000000000000000011000000000000000001000000000000000000011110000000000000000000011111111000000000000000000001111000000000000000000000000000000000000000000000000000000000000
0000000000000000000000000000000000000111000000000101111000000000011110000000000000011100000000000000000100000000000000000000111000000000000000000001110000000000000000000011000000000000000000001000000000000000001100000000000000011100000000000000011000000000000000011000000000000000000110000000000000000000011111111111100000000000000000000000000000000000000000000000000000000000000000000000000000000000
0000000000000000000000000000000000000000000000000000000000000000000000000111111000000001111110000000000011100000000000000000111000000000000000000011100000000000000000000110000000000000000000011100000000000000000000100000000000000001111000000000000011110000000000001111000000000000000010000000000000000000011111111111111000000000000000000000000000000000000000000000000000000000000000000000000000000000
0000000000000000000000000000000000000000000000000000000000100000000000011111111000000111111000000000000111000000000000000001100000000000000000000111000000000000000000011111000000000000000000011000000000000000000110000000000000011110000000000000011000000000000000011000000000000000001000000000000000000001111111111111110000000000000000000000000000000000000000000000000000000000000000000000000000000000
0000000000000000000000000000000000000000000000000000000000000000000000000010111000000000111101000000000111110000000000000001000000000000000000001100000000000000000000111000000000000000000001111000000000000000001110000000000000011110000000000000111000000000000000111000000000000000001111110111000001000000000000000000000000000000000000000000000000000000000000000000000000000000000000000000000000000000
0000000000000000000000000000000000000000000000000000000111100000000000001110000000000011111100000000000011000000000000000000011000000000000000000011110000000000000000000111000000000000000000010000000000000000011000000000000000011000000000000000011000000000000000000111111111111100000000000000000000000000000000000000000000000000000000000000000000000000000000000000000000000000000000000000000000000000
0000000000000000000000000000000000000100000000000000111111000000000111110000000000000011000000000000000000110000000000000000000110000000000000000000001100000000000000000001110000000000000000001100000000000000001110000000000000001100000000000000001100000000000000000011000000000000000000011111111110000000000000000000000000000000000000000000000000000000000000000000000000000000000000000000000000000000
0000000000000000000000000000000000000000000000000000001111100000000001111000000000000001100000000000000001100000000000000000011100000000000000000000100000000000000000000010000000000000000000011100000000000000000111100000000000001111000000000000001110000000000000000110000000000000000001100000000000000000001111111111111000000000000000000000000000000000000000000000000000000000000000000000000000000000
0000000000000000000000000000000000000000000000000000000000000000000000111111111000000001110000000000000001100000000000000000110000000000000000001000000000000000000011110000000000000000000111111100000000000011111000000000000001000000000000000000010000000000000000000100000000000000000000100000000000000000000100000000000000000000111111111100000000000000000000000000000000000000000000000000000000000000
0000000000000000000000000000000000000000000000000111111111100000000111000000000000000011000000000000000000110000000000000000000111000000000000000011111111110000000001100000000000000000010000000000000000000100000000000000000001100000000000000000001100000000000000000000110000000000000000000111111110000000000000000000000000000000000000000000000000000000000000000000000000000000000000000000000000000000
0000000000000000000000000000000011111000000000011101000000000000011000000000000000011000000000000000000100000000000000000001000000000000000000001000000000000000000011000000000000000001111111111110000001100000000000000000010000000000000000000010000000000000000000011000000000000000000011000000000000000000001100000000100000000000111111110000000000000000000000000000000000000000000000000000000000000000
0000000000000000000000000000000000000000000000000000000010000000000011111110000000000111000000000000000010000000000000000000111000000000000000000001111000000000000000000001000000000000000000110000000000000001110000000000000001100000000000000000110000000000000000001100000000000000000001111111111000000000000000000000000000000000000000000000000000000000000000000000000000000000000000000000000000000000
0000000000000000000000000000000000000000000000000000000000000000000000000001110000000011111111100000000001000000000000000000011110000000000000000000011100000000000000000001100000000000000000110000000000000000111000000000000000110000000000000000001000000000000000000001111111110000000000000000000011100000000000000000000000000000000000000000000000000000000000000000000000000000000000000000000000000000
0000000000000000000000000000000111111100000000111111000000000000110000000000000000001000000000000000000011000000000000000000001110000000000000000000111110000000000000000000010000000000000000001100000000000000111100000000000001110000000000000000110000000000000000001100000000000000000000111110000000000000000000111111100000000000000000000000000000000000000000000000000000000000000000000000000000000000
0000000000000000000000000000000000000010000000001111111111100000001110000000000000000110000000000000000001000000000000000000011100111000000000000000000010000000000000000011100000000000001111100000000000000110000000000000000001000000000000000000010000000000000000000110000000000000000000011111111000000000000000000001110000000000000000000000000000000000000000000000000000000000000000000000000000000000
0000000000000000000000000000000000000000000000001111111111000000011110000000000000001000000000000000000010000000000000000000011000000000000000000011110000000000000000111111100000000000010000000000000000000100000000000000000001000000000000000000011000000000000000000011000000000000000000011000000000000000000011000000000000000000001111111000000000000000000000000000000000000000000000000000000000000000
