0000000000000000000000000000111100000000000000110000110000000000110000000011000000010000000000001000000100000000000010000010000000000000010000100000000000000100010000000000000000100100000000000000001001000000000000000010010000000000000000100010000000000100010000100000000000100100000100000000000110000001000000000000110000001100000000110010000000110000110000000000000011110000000000000000000000000000
0000000000000000000000000000000000000000000000011111111000000000111000000010000000011000000000010000001100000000000100000010000000000001000001000000000000001000010000000000000010000100000000000000100001000000000000001000011000000000000010000110000000001000100000100000000011001000001000000000011100000010000000000010000000110000000001010000000111111111100010000000000000000000000000000000000000000000
0000000000000000000000000000000000000000000000011111111000000000111000000010000000011000000000010000001100000000000100000010000000000001000001000000000000001000010000000000000010000100000000000000100001000000000000001000011000000000000010000110000000001000100000100000000011001000001000000000011100000010000000000010000000110000000001010000000111111111100010000000000000000000000000000000000000000000
0000000000000000000000000111111110000000000011000000110000000011000000000110000000100000000000110000010000000000000100000100000000000001000001000000000000001000010000000000000010000100000000000000100001000000000000001000010000000000000010000010000000000000100000100000000011001000000100000000011110000000110000000011000000000111000011111000000000011111100010000000000000000000000000000000000000000000
0000000000000000000000000000000000000000000000000000000000000000000011111000000000000111000001100000000110000000001100000001000000000001000000110000000000010000001000000000000010000010000000000000100001100000000000001000010000000000000010000100000000110000100001000000000011001000010000000000011110000010000000000011100000100000000011101100001100000111000001000001111110000000000000000000000000000000
0000000000000000000000000000000000000000000000001111000000000000001100011110000000001100000000110000000110000000000100000001000000000001000000100000000000010000001000000000000010000010000000000000100000100000000000011000001000000000000100000010000000011001000000100000000011110000001000000000011000000010000000001111000000011111111100011000000000000000000000000000000000000000000000000000000000000000
0000000000000000000000000000000000000000000000011111110000000000011100000010000000001100000000010000000010000000000110000001000000000000100000010000000000000100001000000000000001000010000000000000010000100000000000001000001000000000010010000010000000000110100000100000000000101000001000000000000110000011000000000011100000011110000111101100000000111110000001000000000000000000000000000000000000000000
0000000000000000000000000000000000000000000000000011000000000000011111111100000000011100000000100000000100000000000110000010000000000000100000100000000000001100001000000000000001000010000000000000010000100000000000000100001000000000000001000010000000000000110000110000000011001000000100000000011110000001100000000001110000001100000000110110000001100000111000000000000111111000000000000000000000000000
0000000000000000000000000000000000000000000000011111000000000000011000011000000000001100000001100000000110000000001100000001000000000001000000010000000000011000001100000000000010000010000000000000010000100000000000000100001000000000000001000010000000001000010000010000000001000100001100000000011011000001100000000001100000001110000001101100000000111111110001000000000000000000000000000000000000000000
0000000000000000000000000000000000000000000000000000111000000000001111110001100000000110000000000100000111000000000001100011000000000000001000100000000000000010001000000000000000100010000000000000001000100000000000000010001000000000000000100010000000000000001000100000000001000010001000000000001000100010000000000001010000010000000000011100000011000001111001100000001111110000001100000000000000000000
0000000000000000000000000000000000000000000000000000000000000000000000000000000000000000000000000000000000000111110000000000000110000110000000000010000000110000000001000000000100000000100000000001000000011000000010010000000011100000101100000000001111111100000000000000000001000000000000000000011000000000000000000011000000000000000000001000000000000000000000000000000000000000000000000000000000000000
0000000000000000000000000000000000000000000000000000000000000000000000000000000000000000000000000000000000011111000000000000011100001110000000001100000000110000000100000000000010000011000000000000100000110000000000001000000100000001000010000001100000001101100000001100000000110000000000111111111110000000000000000000111000000000000000000010000000000000000000000000000000000000000000000000000000000000
0000000000000000000000000000000000000000000000000000000000000000000000000000000000000000111100000000000000110000110000000000011000000110000000001100000000010000001110000000000100000011000000000001000000100000000000010000000100000011000100000001110000001101000000000110000001110000000000011111110110000000000000000000110000000000000000000110000000000000000000000000000000000000000000000000000000000000
0000000000000000000000000000000000000000000000000000000000000000000011100000000000000011000111000000000011000000011000000001100000000001000000110000000000001000001000000000000010000110000000000000100001000000000000001000010000000011000010000010000000011001100000110000000001110000000110000000001100000000011110000110110000000000111111000110000000000000000000000000000000000000000000000000000000000000
0000000000000000000000000000000000000000000000000000000000000000000000000000000000000001111000000000000001100001100000000000110000000110000000001000000000110000000100000000000100000001000000000001000000010000001100010000000100000000101100000000100000000100000000000100000011110000000000111111000110000000000000000000100000000000000000000000000000000000000000000000000000000000000000000000000000000000
0000000000000000000000000000000000000000000000000000000000000000000000000000000000000000111110000000000001110000110000000000110000000100000000011000000000100000000100000000000100000001100000000001000000001000000000010000000011000110001100000000010000100010000000000011000101100000000000011000110000000000000001110110000000000000000000100000000000000000000100000000000000000000000000000000000000000000
0000000000000000000000000000000000000000000000000000000000000000000000000000000000000000001111000000000000011100001000000000001100000001000000000110000000001100000011000000000001000001100000000000010000011000000000000100000010000000100010000000100000000101100000001100000001110000000000111111101100000000000000000000110000000000000000000100000000000000000000000000000000000000000000000000000000000000
0000000000000000000000000000000000000000000000111111100000000000011000001110000000001000000000110000001100000000000100000010000000000001100000100000000000001000001000000000000010000010000001000000100000110000001000000100000100000001100001000001000000001000010000001000000001100100000001111111111111000000000000000001100000000000000000001100000000000000000001000000000000000000001000000000000000000000
0000000000000000000000000000000000000000000000000000000000000000000000111100000000000000110001100000000000110000001100000000011000000001000000000100000000010000000010000000000100000001100000000000100000010000000000001000000100000011000010000001000000001101100000011000000001110000000011100001111100000000001111110001110000000000000000000110000000000000000000000000000000000000000000000000000000000000
0000000000000000000000000000000000000000000000000111000000000000000111011100000000000110000000110000000001000000000010000000100000000000100000110000000000001000001100000000000010000011000000000000100000010000000011001000000100000000010010000000100000000110100000001100000000111000000001111000001100000000000011111101100000000000000000001100000000000000000001100000000000000000000000000000000000000000
0000000000000000000000000000000000000000000000000000000000000000000111111000000000000011000001100000000001100000000100000000110000000000100000001000000000001100000010000000000001000001000000000000010000010000000000000100000010000110000001000000100000100000110000001100001100111000000001100001111000000000001111001100000000000000000000111100000000000000000000100000000000000000000000000000000000000000
0000000000000000000000000000000000000000000000000000000000000000001111111100000000001110000001110000000010000000000110000001100000000000100000010000000000001100001000000000000001000010000000000000010000100000000000001100001100001110000010000001100000011100100000001110000001110000000000111111111110000000000000000000011000000000000000000010000000000000000000000000000000000000000000000000000000000000
0000000000000000000000000000000000000000000000000000000000000000000000000000000000000000000111000000000000011100001000000000001100000011000000000110000000011000000001000000000010000000100000000000100000001000000000001000000010000001100010000000110000001110100000000110000000011000000000110011111110000000000000000000011000000000000000000011000000000000000000000000000000000000000000000000000000000000
0000000000000000000000000000000000000000000000000000000000000000000000000000000000000011100111000000000011000000011000000001100000000010000000010000000000110000001100000000000100000001000000000000100000010000000000001000000010000000110010000000100000000111100000000110000111110000000000111111000111000000000000000000010000000000000000000000000000000000000000000000000000000000000000000000000000000000
0000000000000000000000000000000000000000000000000000000000000000000000000000000000000000000000000000000000011111100000000000001000001100000000000100000001100000000010000000001000000001100000000001000000010000000000010000000100000010000110000001100000010000100000001000000010001000000011000000010110000000011000000011000000000011111110011000000000000000000001100000000000000000000000000000000000000000
0000000000000000000000000000000000000000000000000000000000000000000001111000000000000011100001100000000001100000001000000001110000000011000000011000000000001000000110000000000010000001100000000000100000010000000000001000000100000010000010000001000000010000100000001000000011011000000010000000011000000000011000011111100000000011111000001100000000000000000000100000000000000000000000000000000000000000
0000000000000000000000000000000000000000000000000011100000000000000111001100000000000011000000100000000001100000000100000000010000000000100000001100000000001000000010000000000010000000100000000000110000001100000000000100000001000001100001000000010000000110110000000010000000111000000000110000001110000000000110001110110000000000011100000010000000000000000000100000000000000000000000000000000000000000
0000000000000000000000000000000000000000000000000000000000000000000011111110000000000011000000110000000000100000000110000000110000000000100000001100000000001000000010000000000010000000100000000000110000001000000000000100000010000000100001000000110000001100010000000100000001100100000001100000001011000000001000000001100000000010000001111000000000011111110001100000000000000000001100000000000000000000
0000000000000000000000000000000000000000000000000000000000000000000000111000000000000001110011000000000000110000011000000000011000000010000000011000000000100000000110000000000100000001100000000001000000001000000000010000000010000000000100000000100000011001000000001000000001110000000001000000111000000000001111110011000000000000000000001100000000000000000001000000000000000000000000000000000000000000
0000000000000000000000000000000000000000000000000001110000000000000001110110000000000000110000110000000000011000000100000000001100000000100000000110000000001000000011000000000010000000100000000000100000010000000011011000000100000000010100000001100000000010000000001100000011110000000001111111000010000000000000000000110000000000000000000100000000000000000000000000000000000000000000000000000000000000
0000000000000000000000000000000000000000000000000000000000000000000000000000000000000000000000000000000000001111100000000000001110000010000000000110000000010000000011000000000010000000010000000000100000000100000001001000000001100000011010000000001000000011100000000011000000111000000000001111110001000000000000000000001000000000000000000000000000000000000000000000000000000000000000000000000000000000
0000000000000000000000000000000000000000000000000000000000000000000111111100000000000011000000100000000001100000001000000000110000000010000000001000000000100000000110000000001000000001000000000010000000010000000100000000000110000000111000000000110000000110000000000110000001111000000000110000110001000000000111110000001000000000000000000000000000000000000000000000000000000000000000000000000000000000
0000000000000000000000000000000000000000000000000111000000000000000111001100000000000010000001100000000001000000001000000000100000000001000000011000000000010000000100000000000100000011100000000001000000001000001000010000000011000001100100000000010000001101000000000010000000110000000000110000011110000000000110001100110000000000111100000000000000000000000000000000000000000000000000000000000000000000
0000000000000000000000000000000000000000000000000000000000000000000000000000000000000000000000000000000000011110000000000000011000010000000000001100000010000000000110000000110000000001000000100100000000010000001101000000000100000001110000000001000000001100000000001000000001100000000011000001101100000000001111110000000000000000000000000000000000000000000000000000000000000000000000000000000000000000
0000000000000000000000000000000000000000000000000000000000000000000000000000000000000000111110000000000000011000011000000000001000000010000000000100000000010000000011000000000100000000010000010001000000001000000100010000000010000001000100000000100000010001000000001100000011110000000001100001110000000000001111110100000000000000000000111100000000000000000000000000000000000000000000000000000000000000
0000000000000000000000000000000000000000000000000000000000000000000000111100000000000000011000110000000000001000000110000000000110000000100000000011000000001000000000110000000010000000000100000000010000000001000000100100000000010000001101000000000100000001110000000000110000001100000000000111111111100000000000000000001100000000000000000001000000000000000000000000000000000000000000000000000000000000
0000000000111110000000000000110000010000000000010000000010000000011000000000100000000100000000000100000010000000000001000001100000000000010000010000000000000100001000000000000001000110000000000000010001000000000000000100010000000000000001000110000000000000010000110000000000000100000110000000100011000000110000001001100000000110000011110000000000111111111100000000000000000001110000000000000000000110
0000000000000000000000000000000000000000000000000000000000000000000000000000000000000000011111100000000000011000000100000000011000000000100000000100000000001000001010000000000010000011000000000000100000110000000000001000000100000000000010000001000000000000100000001000000001101000000011000000001110000000001111111100110000000000000000000110000000000000000000000000000000000000000000000000000000000000
0000000000000000000000000000000000000000000000001111100000000000001110000110000000000110000000010000000111000000000010000001100000000000100000110000000000001000001100000000000010000100000000000000100001000000000000001000010000000000000010000100000000000000100000100000000011001000001100000000011010000001100000000001110000000110000000110110000000011111111000110000000000000000000000000000000000000000
0000000000000000000000000000000000000000000000000000000000000000000000000000000000000000011111000000000000011000001100000000011000000000100000010100000000001000000110000000000010000001000000000000100000011000000100001000000011000000110010000000011000000011100000000011000000011000000000001100001101000000000001111100001100000000000000000001000000000000000000000000000000000000000000000000000000000000
0000000000000000000000000000000000000000000000000000000000000000000000000000000000000000000000000000000000000000000000000000001111111000000000000110000001100000000011000000001000000000100000000001000000010000000000010000001100000000000100000001000000001001000000010000000011010000000110000000011100000000111100000011100000000001111111001110000000000000000000000000000000000000000000000000000000000000
0000000000000000000000000000000000000000000000000000000000000000000000000000000000000000111111100000000000011000001100000000011000000001000000010100000000010000001010000000000010000011100000010000100000110000000110001000000100000000110010000001000000000110100000010000000000111000000010000000001110000000110000001110010000000011111100000110000000000000000000000000000000000000000000000000000000000000
0000000000000000000000000000000000000000000000000000000000000000000000000000000000000000011001100000000000011000001100000000001000000001000000000100000000010000000011000000000100000000100000100001000000001100000110110000000001100000111000000000000100001110000000000000111100110000000000000000000100000000000000000001000000000000000000000000000000000000000000000000000000000000000000000000000000000000
0000000000000000000000000000000000000000000000000111111000000000000011000010000000000001000000010000000000100000000100000000011000000001000000011100000000000000000110000000000010000001000000000000100000010000000000001000000100000000000010000000100000001101000000001100000001110000000001000000011000000000011000011011000000000011111000011000000000000000000000000000000000000000000000000000000000000000
0000000000000000000000000000000000000000000000000000000000000000000000000000000000000000011111000000000000001100011100000000001100000001000000000110000000001000000011000000000010000000100000000000100000001000000000001000000010000000100100000000011000001011000000000001111111100000000000000000100000000000000000001100000000000000000001100000000000000000001000000000000000000000000000000000000000000000
0000000000000000000000000000000000000000000000000000000000000000000001111100000000000001100000100000000000100000000100000000011000000001000000001100000000010000000011000000000100000000010000011111000000000110000001100000000000111111101000000000000000000011100000000000000000000000000000000000000000000000000000000000000000000000000000000000000000000000000000000000000000000000000000000000000000000000
0000000000000000000000000000000000000000000000000000000000000000000000000000000000000000000000000000000000011111000000000010011000011000000000100100000011000000001010000000010000000001000000000100000000010000000000100000000110000011001000000000110000001110000000000111000111000000000000001110010000000000000000000111000000000000000000010000000000000000000000000000000000000000000000000000000000000000
0000000000000000000000000000000000000000000000000000000000000000000000000000000000000001111000000000000001100001000000000000010000001000000000011000000010000000000110000000100000000000100000000100000000001000001001000000000011000001100000000000011100001000000000000001111101100000000000000000001100000000000000000000000000000000000000000000000000000000000000000000000000000000000000000000000000000000
