0000000000000000000000000000000000000000000000000000000000000000000000000000000000000000000000000000100000000000000000001100000000000000000000110000000000000000000110000000000000000000110000000000000000000011111111111100000001100000000000000000110000000000000000010000000000000000011000000000000000001100000000000000000010000000000000000000000000000000000000000000000000000000000000000000000000000000
0000000000000000000000000000000000000000000000000000000000000000000000000000000011000000000000000000011000000000000000000011000000000000000000011000000000000000000001111111111111000000010000000000000000001100000000000000000110000000000000000011000000000000000001100000000000000000110000000000000000001000000000000000000000000000000000000000000000000000000000000000000000000000000000000000000000000000
0000000000000000000000000000000000000000000000000000000000000000000000000000000000100000000000000000001000000000000000000001000000000000000000001100000000000000000001100000000000000000000111000000000000000000111111111110000000111000000000000000111000000000000000011000000000000000001100000000000000000010000000000000000000100000000000000000000000000000000000000000000000000000000000000000000000000000
0000000000000000000000000000000000000000000000000000000000000001100000000000000000001000000000000000000001000000000000000000011000000000000000000011000000000000000000011000000000000000000011111111111000000000100000000000000000010000000000000000001100000000000000000110000000000000000001000000000000000000110000000000000000001000000000000000000000000000000000000000000000000000000000000000000000000000
0000000000000000000000000000000000000000001000000000000000000011000000000000000000010000000000000000000110000000000000000000111000000000000000000011000000000000000000001111111111100000000110000000000000000001000000000000000000100000000000000000011000000000000000001100000000000000000110000000000000000011000000000000000000000000000000000000000000000000000000000000000000000000000000000000000000000000
0000000000000000000000000000000000000000000000000000000000000000000000000000000000100000000000000000000110000000000000000000110000000000000000000110000000000000000000110000000000000000000110000000000000000000111111111110000000011000000000000000001100000000000000000110000000000000000011000000000000000000100000000000000000010000000000000000001000000000000000000010000000000000000000000000000000000000
0000000000000000000000000000000000000000000000000000000000000000000000000000000000110000000000000000000110000000000000000000110000000000000000000011000000000000000000011111111111000000001100000000000000000010000000000000000001000000000000000000100000000000000000010000000000000000001000000000000000000000000000000000000000000000000000000000000000000000000000000000000000000000000000000000000000000000
0000000000000000000000000000000000000000000000000000000000000000000000000000000000011000000000000000000011000000000000000000010000000000000000000110000000000000000000100000000000000000000110000000000000000000111111111100000000011000000000000000001100000000000000000010000000000000000001100000000000000000010000000000000000001100000000000000000110000000000000000001000000000000000000000000000000000000
0000000000000000000000000000000000000000000000000000000000000000000000000000000001000000000000000000011000000000000000000001000000000000000000001000000000000000000001000000000000000000001111111111100000000110000000000000000001000000000000000000100000000000000000011000000000000000001100000000000000000110000000000000000011000000000000000000000000000000000000000000000000000000000000000000000000000000
0000000000000000000000000000000000000000000000000000000000000000000000000000000000000000000000000000011100000000000100000000100000000001000000001100000000010000000001000000000100000000010000000001000000000100000000010000000010000111111000000011111110000000000000000000000000000000000000000000000000000000000000000000000000000000000000000000000000000000000000000000000000000000000000000000000000000000
0000000000000000000000000000000000000000000000000000000000000000000000000010000000000000000000110000000000000000000100000011111000000001000000000010000000010000000000100000000100000000001000000011000000001110000111100000001111111110000000000000000000000000000000000000000000000000000000000000000000000000000000000000000000000000000000000000000000000000000000000000000000000000000000000000000000000000
0000000000000000000000000000000000000000000000000000000000000000000000000000000000100000000000000000001100000000000000000001100000000000000000001100000000000000000000110000000000000000001111111110000000000110000000000000000011000000000000000001100000000000000000110000000000000000001000000000000000000000000000000000000000000000000000000000000000000000000000000000000000000000000000000000000000000000
0000000000000000000000000000000000000000000000000000000000000010000000000000000000110000000000000000000110000000000000000000100000000000000000000100000000000000000000100000000000000000001111111100000000000110000001111000000001000000000000000000100000000000000000011000000000000000000100000000000000000011000000000000000000100000000000000000000000000000000000000000000000000000000000000000000000000000
0000000000000000000000000000000000000000000000000000000000000000000000000000000000010000000000000000000010000000000000000000010000000000000000000110000000000000000000110000000000000000000110000000000000000001111111110000000000110000000000000000011000000000000000011000000000000000000100000000000000000000000000000000000000000000000000000000000000000000000000000000000000000000000000000000000000000000
0000000000000000000000000000000000000000000000000000000000000000000000000000000000000000000000000000000100000000000000000000111000000000000000000010000000000000000000010000000000000000000011111111100000000011100000000000000001100000000000000001110000000000000000000000000000000000000000000000000000000000000000000000000000000000000000000000000000000000000000000000000000000000000000000000000000000000
0000000000000000000000000000000000000000000000000000000000000000000000000000000000000000000000000000001100000000000000000000110000000000000000000110000000000000000000110000000000000000000111111111000000000011000000000000000001100000000000000001100000000000000000010000000000000000000000000000000000000000000000000000000000000000000000000000000000000000000000000000000000000000000000000000000000000000
0000000000000000000000000000000000000000000000000000000000000000000000000000000000010000000000000000000010000000000000000000010000000000000000000010000000000000000000011000000000000000000011111111100000000001000000000000000000100000000000000000110000000000000000000000000000000000000000000000000000000000000000000000000000000000000000000000000000000000000000000000000000000000000000000000000000000000
0000000000000000000000000000000000000000000000000000000000000001000000000000000000010000000000000000000010000000000000000000010000000000000000000011000000000000000000001100000000000000000001100000000000000000001111111000000000000011000000000000000011000000000000000001100000000000000000110000000000000000110000000000000000000000000000000000000000000000000000000000000000000000000000000000000000000000
0000000000000000000000000000000000000000000000000000000000000010000000000000000000100000000000000000000100000000000000000000100000000000000000000100000000000000000000110000111111000000000111110000000000000011000000000000000001100000000000000000110000000000000000011000000000000000000000000000000000000000000000000000000000000000000000000000000000000000000000000000000000000000000000000000000000000000
0000000000000000000000000000000000000000000000000000000000000000000000000000000000011000000000000000000011100000000000000000000110000000000000000001111111110000000000110000000000000000011000000000000000001100000000000000000110000000000000000000000000000000000000000000000000000000000000000000000000000000000000000000000000000000000000000000000000000000000000000000000000000000000000000000000000000000
0000000000000000000000000000000000000000000000000000000000000000000000000000000000000000000000000000000011100000000000000000000110000000000000000000100000000000000000001100000000000000000001111111100000000000011000000000000000001100000000000000111110000000000000000000000000000000000000000000000000000000000000000000000000000000000000000000000000000000000000000000000000000000000000000000000000000000
0000000000000000000000000000000000000000000000000000000000000000000000000000000000000110000000000000000110010000000000000000000110000000000000000000100000000000000000001111000000000000000011001111100000000000100000000000000001111000000000000001100000000000000000000000000000000000000000000000000000000000000000000000000000000000000000000000000000000000000000000000000000000000000000000000000000000000
0000000000000000000000000000000000000000000000000000000000000000000000000000000000010000000000000000000110000000000000000000011000000000000000000011000000000000000000001100000000000000000001111111100000000000110000000000000000011000000000000000011000000000000000011100000000000000000000000000000000000000000000000000000000000000000000000000000000000000000000000000000000000000000000000000000000000000
0000000000000000000000000000000000000000000000000000000000000000000000000000000000000000000000000000000010000000000000000000010000000000000000000110000000000000000000110000000000000000000110000000000000000000111000000000000000000111111111000000000111000000000000000011000000000000000011000000000000000000000000000000000000000000000000000000000000000000000000000000000000000000000000000000000000000000
0000000000000000000000000000000000000000000000000000000000000000000000000000000000001000000000000000000001100000000000000000001000000000000000000001000000000000000000011000000000000000000001000000000000000000001111111100000000000011000000000000000011000000000000000011100000000000000001100000000000000000010000000000000000000000000000000000000000000000000000000000000000000000000000000000000000000000
0000000000000000000000000000000000000000000000000000000000000001000000000000000000011000000000000000000011000000000000000000001000000000000000000001100000000000000000001000000000000000000001100000000000000000011111111100000000111000000000000000110000000000000000001000000000000000000000000000000000000000000000000000000000000000000000000000000000000000000000000000000000000000000000000000000000000000
0000000000000000000000000000000000000000000000000000000000000000000000000000000000000000000000000000000000000000000000000000110000000000000000000011000000000000000000001110000000000000000000111111000000000000001100000000000000000110000000000000000110000000000000000011000000000000000011000000000000000000000000000000000000000000000000000000000000000000000000000000000000000000000000000000000000000000
0000000000000000000000000000000000000000000000000000000000000000000000000000000000010000000000000000000011000000000000000000001100000000000000000001110000000000000000000111111110000000000011100000000000000001100000000000000000100000000000000000110000000000000000001000000000000000000000000000000000000000000000000000000000000000000000000000000000000000000000000000000000000000000000000000000000000000
0000000000000000000000000000000000000000000000000000000000000000000000000000000000010000000000000000000110000000000000000000011000000000000000000011000000000000000000001100000000000000000011111111100000000001100000000000000000110000000000000000010000000000000000011000000000000000001100000000000000000000000000000000000000000000000000000000000000000000000000000000000000000000000000000000000000000000
0000000000000000000000000000000000000000000000000000000000000000000000000000000000000000000000000000001110000000000000000000110000000000000000000111000000000000000000011000000000000000000001111111000000000000110000000000000000110000000000000000110000000000000000111000000000000000000000000000000000000000000000000000000000000000000000000000000000000000000000000000000000000000000000000000000000000000
0000000000000000000000000000000000000000000000000000000000000001000000000000000000001100000000000000000000110000000000000000000100000000000000000000100000011000000000001111111000000000000011000000000000000011000000000000000001100000000000000001100000000000000000000000000000000000000000000000000000000000000000000000000000000000000000000000000000000000000000000000000000000000000000000000000000000000
0000000000000000000000000000000000000000000000000000000000000000000000000000000000111111000000000000000000011000000000000000000011000000000000000000111111111100000000001000000000000000000110000000000000000011000000000000000001100000000000000001110000000000000000100000000000000000000000000000000000000000000000000000000000000000000000000000000000000000000000000000000000000000000000000000000000000000
0000000000000000000000000000000000000000000000000000000000000111111111000000000000000000010000000000000000000100000000000000000001000000000000000000011100000000000000000111111110000000000001000000000000000000110000000000000000110000000000000111110000000000000000000000000000000000000000000000000000000000000000000000000000000000000000000000000000000000000000000000000000000000000000000000000000000000
0000000000000000000000000000000000000000000000000000000000000000000000000000000001100000000000000000000110000000000000000000110000000000000000000011000000000000000000001101111111000000000011110000000000000111000000000000011111000000000000000000000000000000000000000000000000000000000000000000000000000000000000000000000000000000000000000000000000000000000000000000000000000000000000000000000000000000
0000000000000000000000000000000000000000000000000000000000000000000000000000000000000000000000000000001110000000000000000000011100000000000000000001100000000000000000001110000000000000000000011111110000000000011100000000000000011000000000000000011000000000000000001100000000000000000000000000000000000000000000000000000000000000000000000000000000000000000000000000000000000000000000000000000000000000
0000000000000000000000000000000000000000000000000000000000000000000000000000000000000000000000000000001111000000000000000000011000000000000000000011100000000000000000001100000000000000000001111111100000000000111000000000000000011000000000000000111000000000000000000000000000000000000000000000000000000000000000000000000000000000000000000000000000000000000000000000000000000000000000000000000000000000
0000000000000000000000000000000000000000000000000000000000000000000000000000000000000000000000000000000111100000000000000000001110000000000000000000011000000000000000000010111111000000000000110000000000000000011000000000000000011000000000000000011100000000000000011100000000000000000000000000000000000000000000000000000000000000000000000000000000000000000000000000000000000000000000000000000000000000
0000000000000000000000000000000000000000000000000000000000000000000000000000000000011000000000000000000001110000000000000000000110000000000000000000011000000000000000000010000000000000000001111111110000000000010000000000000000001100000000000000000110000000000000000110000000000000000110000000000000000000000000000000000000000000000000000000000000000000000000000000000000000000000000000000000000000000
0000000000000000000000000000000000000000001100000000000000000000111000000000000000000001000000000000000000001100000000000000000001000000000000000000001111111100000000000011000000000000000000100000000000000000110000000000000000011000000000000000011000000000000000011000000000000000000000000000000000000000000000000000000000000000000000000000000000000000000000000000000000000000000000000000000000000000
0000000000000000000000000000000000000000000000000000000000000000000000000000000000111111100000000000000000001100000000000000000001100000000000000000001111111100000000000011000000000000000001000000000000000011100000000000000011000000000000000011000000000000000011000000000000000000000000000000000000000000000000000000000000000000000000000000000000000000000000000000000000000000000000000000000000000000
0000000000000000000000000000000000000000000000000000000000000000000000000000000000000000000000000000000011110000000000000000000011100000000000000000001100000000000000000001110000000000000000000111110000000000000011000000000000001111000000000000001110000000000000000000000000000000000000000000000000000000000000000000000000000000000000000000000000000000000000000000000000000000000000000000000000000000
0000000000000000000000000000000000000000000000000000000000000000000000000000000000000000000000000000000111100000000000000000000110000000000000000000110000000000000000000111111111100000000011000000000000000011100000000000000111000000000000000000000000000000000000000000000000000000000000000000000000000000000000000000000000000000000000000000000000000000000000000000000000000000000000000000000000000000
0000000000000000000000000000000000000000000000000000000000000000000000000000000000000000000000000000000111111000000000000000000001000000000000000000011000000000000000000111111111000000000001000000000000000000110000000000000000110000000000000000110000000000000000000000000000000000000000000000000000000000000000000000000000000000000000000000000000000000000000000000000000000000000000000000000000000000
0000000000000000000000000000000000000000000000000000000000000000000000000000000000000000000000000000000000000000000000000001111100000000000000000001111000000000000000000011000000000000000001111111111100000001110000000000000111100000000000000000000000000000000000000000000000000000000000000000000000000000000000000000000000000000000000000000000000000000000000000000000000000000000000000000000000000000
0000000000000000000000000000000000000000000000000000000000000000000000000000000000000000000000000000001111111000000000000000000011000000000000000000011000000000000000000011111111100000000111100000000000001110000000000000001100000000000000000000000000000000000000000000000000000000000000000000000000000000000000000000000000000000000000000000000000000000000000000000000000000000000000000000000000000000
0000000000000000000000000000000000000000000000000000000000000000000000000000000000000000000000000000000000000000000000000000000000000000000000000000000000000000000000000000000000000000000000000000000000000000000000000000000000000000000000000000000000000000000000000000000000000000000000000000000000000000000000000000000000000000000000000000000000000000000000000000000000000000000000000000000000000000
0000000000000000000000000000000000000000000000000000000000000000000000000000000000000000000000000000011111100000000000000000000111100000000000000000001000000000000000000001000000000000000000011111111100000000000110000000000000000011000000000000000111100000000000111110000000000000000000000000000000000000000000000000000000000000000000000000000000000000000000000000000000000000000000000000000000000000
